data/instances/instance_14/DEM.asc
ncols        110
nrows        110
xllcorner    -72.33750000001851
yllcorner    -53.40416666668517
cellsize     0.004166666667
NODATA_value -32767
[rows 40 to 79 of 110, columns 0 to 88 of 110]
74 7 -8 -1 -2 -1 -1 -1 -1 -1 -1 -1 -1 -1 -1 -1 -2 -2 5 14 5 3 9 9 5 2 -1 -3 -5 -7 -8 -9 -8 -7 -4 -1 -6 3 23 41 95 129 138 174 210 198 177 177 168 150 151 151 154 160 159 156 141 121 101 95 101 109 117 110 96 76 64 63 70 82 88 81 56 40 40 45 44 25 9 -2 -14 -25 -39 -53 -67 -81 -93 -103 -112
85 55 35 9 -3 -1 -1 -1 -2 -2 -3 -3 -2 -2 -1 -1 -1 -1 -1 -2 0 8 10 8 3 -1 -1 -2 -5 -8 -10 -11 -11 -10 -8 -3 -1 -1 -7 -8 39 85 100 120 143 138 125 132 142 129 111 118 133 150 152 145 139 133 98 76 85 95 114 121 117 91 69 63 67 82 79 66 41 23 31 33 20 10 6 -8 -29 -45 -59 -74 -90 -105 -117 -128 -137
72 43 8 -5 -1 -1 -1 -1 -1 -2 -3 -3 -2 -1 -1 -1 -1 -1 -1 -1 -1 2 3 5 5 4 2 0 0 0 -6 -12 -14 -14 -13 -11 -7 -4 -1 -5 8 44 66 78 89 99 101 106 123 124 112 99 69 76 95 114 136 154 132 83 64 60 82 105 115 107 86 73 65 54 45 44 38 30 26 19 7 -6 -15 -30 -48 -64 -80 -97 -114 -130 -144 -155 -164
35 13 1 -1 -1 -1 -1 -1 -1 -1 -1 -1 -1 -1 -1 -1 -1 -1 -1 -1 -1 0 -2 0 4 4 2 1 2 3 -1 -12 -17 -18 -18 -18 -16 -13 -5 -4 -3 15 35 47 59 73 79 78 97 123 134 127 87 67 63 68 87 83 69 70 72 54 60 88 96 91 79 64 49 40 44 39 29 21 11 4 -6 -22 -37 -52 -68 -85 -102 -121 -139 -156 -172 -184 -194
-7 -5 -3 -1 0 -1 -2 -1 -1 -1 -1 -1 -1 -1 -1 -1 -1 1 4 4 4 5 2 -1 1 2 0 0 -2 -7 -12 -17 -20 -23 -25 -27 -26 -24 -20 -14 -9 1 11 22 34 46 57 74 94 106 111 115 108 98 65 37 40 42 62 75 80 73 58 44 28 45 52 43 35 29 24 18 13 10 8 -4 -28 -45 -59 -76 -93 -111 -129 -148 -166 -184 -199 -213 -224
4 8 9 11 11 6 3 1 -2 -1 -1 -1 -1 -1 -1 -1 -1 0 1 3 5 5 3 0 -1 1 2 1 -5 -13 -18 -23 -27 -31 -35 -37 -38 -37 -35 -31 -26 -18 -9 0 11 20 30 40 47 53 60 67 68 68 66 63 54 30 26 29 53 66 52 39 35 34 26 20 17 12 5 0 -1 -14 -29 -41 -56 -70 -86 -103 -120 -138 -156 -173 -191 -208 -224 -238 -248
12 16 14 14 15 16 16 9 -1 -2 -1 -1 -1 -1 2 7 4 1 3 4 1 -2 -1 -2 -1 0 1 2 -2 -15 -25 -31 -36 -41 -46 -50 -53 -54 -53 -52 -48 -41 -34 -25 -16 -8 1 11 20 28 33 36 36 36 34 42 47 32 25 26 27 23 21 20 18 13 1 -7 -7 -13 -22 -15 -12 -38 -59 -71 -84 -98 -114 -131 -148 -165 -181 -196 -212 -227 -243 -255 -264
7 14 22 33 31 20 22 21 4 -5 -1 -2 -1 -1 -1 6 11 10 9 8 7 7 2 -2 -1 0 1 2 -3 -18 -31 -39 -46 -53 -59 -64 -68 -72 -75 -75 -73 -69 -64 -57 -48 -39 -31 -22 -15 -6 6 13 13 10 9 10 10 10 9 8 10 7 6 5 4 4 -6 -21 -30 -39 -49 -57 -68 -78 -88 -100 -114 -127 -142 -158 -173 -188 -201 -215 -228 -242 -255 -266 -275
5 11 19 31 37 31 33 36 30 30 15 1 0 -6 -6 3 16 16 11 11 10 8 5 1 -1 -3 -7 -14 -22 -30 -39 -48 -56 -65 -73 -80 -87 -93 -99 -102 -103 -102 -98 -92 -85 -77 -68 -61 -54 -29 -5 -12 -21 -24 -18 -4 -5 -13 -17 -18 -20 -19 -3 9 8 -13 -45 -54 -59 -69 -79 -88 -98 -108 -118 -129 -141 -153 -167 -180 -193 -206 -219 -231 -242 -255 -266 -275 -283
4 7 16 29 41 53 63 54 46 47 47 49 35 21 28 34 31 24 20 16 4 2 8 5 1 -4 -9 -16 -24 -33 -44 -56 -67 -78 -88 -98 -107 -115 -123 -130 -135 -136 -135 -131 -125 -117 -109 -101 -95 -87 -81 -77 -69 -64 -59 -56 -55 -54 -52 -51 -53 -55 -38 -29 -43 -63 -76 -83 -91 -100 -109 -118 -127 -136 -146 -156 -166 -178 -189 -200 -212 -224 -236 -246 -255 -265 -275 -283 -289
14 14 20 22 33 48 57 62 67 78 91 81 64 61 46 18 5 17 27 30 11 -5 -2 -2 -1 -3 -8 -15 -24 -35 -47 -61 -75 -89 -102 -115 -127 -138 -149 -158 -166 -170 -172 -170 -165 -159 -153 -146 -139 -132 -126 -119 -113 -107 -101 -96 -94 -90 -87 -85 -85 -86 -89 -93 -97 -101 -106 -114 -122 -131 -139 -148 -156 -165 -173 -182 -191 -201 -211 -221 -231 -241 -251 -260 -267 -275 -282 -289 -296
37 40 40 30 35 49 62 78 97 115 126 124 120 105 81 64 57 54 49 48 40 32 20 2 1 -2 -5 -10 -21 -34 -48 -64 -81 -98 -115 -131 -145 -159 -173 -186 -196 -204 -210 -213 -211 -207 -200 -193 -187 -180 -174 -166 -158 -151 -144 -138 -133 -129 -125 -122 -120 -120 -121 -123 -126 -131 -138 -145 -154 -162 -170 -179 -186 -194 -201 -208 -215 -223 -232 -240 -248 -256 -264 -271 -277 -283 -289 -295 -300
36 40 36 35 40 52 72 106 135 141 141 149 151 147 130 114 101 90 82 76 65 58 50 41 29 5 -6 -4 -14 -29 -46 -63 -84 -104 -126 -145 -163 -180 -196 -213 -227 -240 -249 -255 -256 -253 -247 -241 -233 -226 -219 -211 -202 -193 -184 -176 -170 -165 -161 -157 -155 -154 -155 -157 -160 -165 -169 -176 -184 -192 -200 -207 -214 -220 -226 -232 -237 -243 -250 -256 -263 -269 -275 -281 -286 -290 -295 -299 -302
12 18 17 19 30 59 115 165 194 189 174 151 134 150 148 129 115 110 118 118 94 78 70 62 51 28 13 7 -5 -22 -40 -58 -80 -105 -129 -154 -177 -199 -219 -239 -256 -272 -285 -293 -297 -296 -291 -283 -274 -264 -257 -249 -240 -231 -221 -213 -206 -200 -196 -193 -191 -190 -189 -190 -192 -196 -200 -206 -212 -219 -226 -233 -239 -244 -249 -254 -258 -262 -267 -271 -275 -281 -285 -290 -293 -296 -299 -301 -303
6 6 6 3 20 60 133 201 225 235 232 227 229 218 196 188 186 172 153 138 130 126 116 98 77 62 46 23 4 -13 -29 -48 -71 -99 -128 -158 -186 -212 -237 -260 -280 -298 -312 -323 -329 -329 -325 -318 -309 -299 -290 -282 -274 -266 -256 -248 -240 -233 -229 -226 -223 -221 -220 -221 -222 -224 -227 -231 -237 -244 -250 -256 -262 -266 -270 -274 -276 -279 -282 -284 -286 -289 -292 -294 -297 -299 -300 -301 -303
7 6 7 3 10 48 99 151 193 237 265 289 292 281 267 250 218 189 179 178 174 166 153 138 128 115 79 40 15 -5 -17 -35 -65 -95 -123 -157 -190 -220 -248 -273 -295 -315 -331 -344 -352 -355 -353 -347 -338 -329 -320 -313 -305 -297 -288 -279 -272 -265 -260 -256 -252 -249 -248 -248 -248 -249 -252 -256 -261 -267 -273 -278 -283 -286 -289 -291 -292 -292 -292 -293 -294 -294 -295 -296 -297 -298 -299 -299 -300
13 6 6 6 4 25 60 82 106 162 209 238 258 280 276 245 207 184 183 181 172 165 157 153 148 116 78 54 35 19 2 -16 -28 -36 -92 -159 -193 -225 -256 -284 -309 -330 -346 -359 -368 -374 -374 -368 -362 -354 -345 -336 -330 -322 -315 -306 -298 -291 -286 -281 -278 -275 -273 -272 -272 -273 -275 -278 -281 -286 -291 -295 -299 -301 -303 -303 -302 -300 -298 -296 -295 -294 -293 -293 -293 -294 -295 -295 -294
31 11 5 7 4 9 26 45 67 99 137 170 193 212 216 198 182 181 182 179 166 146 125 111 108 97 84 71 42 25 15 5 8 24 -31 -144 -200 -231 -265 -295 -321 -342 -359 -372 -381 -387 -388 -385 -379 -372 -364 -356 -349 -342 -335 -328 -320 -313 -307 -302 -299 -297 -295 -293 -292 -293 -293 -295 -297 -300 -303 -306 -308 -309 -309 -307 -304 -301 -298 -294 -292 -289 -287 -286 -286 -286 -286 -286 -286
122 109 68 28 2 2 7 13 37 71 107 149 183 205 208 201 194 194 182 159 135 118 110 109 107 102 107 100 70 47 13 -3 -11 -31 -77 -148 -196 -236 -273 -304 -329 -350 -366 -378 -388 -394 -396 -394 -390 -384 -377 -369 -362 -356 -350 -344 -337 -330 -324 -320 -316 -314 -312 -310 -308 -307 -306 -306 -307 -308 -309 -309 -310 -309 -307 -305 -301 -296 -291 -287 -283 -280 -277 -275 -273 -273 -273 -273 -273
158 155 91 42 13 11 20 33 45 39 60 107 139 168 190 206 201 180 154 141 141 140 135 123 105 92 79 66 51 28 10 0 -42 -93 -129 -163 -202 -242 -280 -310 -334 -353 -368 -379 -388 -393 -396 -396 -393 -389 -383 -377 -371 -366 -361 -356 -349 -343 -338 -333 -329 -326 -323 -321 -318 -315 -313 -311 -310 -309 -308 -307 -305 -303 -300 -297 -292 -286 -281 -275 -269 -265 -261 -259 -257 -256 -256 -256 -257
73 73 38 10 16 26 26 30 37 45 61 75 88 99 111 138 147 143 146 151 160 162 150 134 115 90 57 38 21 9 7 11 -30 -101 -142 -175 -214 -251 -285 -313 -335 -352 -364 -375 -383 -388 -391 -392 -391 -387 -383 -379 -375 -371 -367 -363 -357 -352 -347 -342 -337 -334 -330 -326 -322 -319 -315 -311 -308 -305 -302 -299 -296 -292 -288 -283 -278 -271 -264 -257 -251 -245 -241 -237 -234 -233 -234 -235 -236
19 13 12 18 20 14 11 7 1 3 30 52 61 69 81 101 111 112 114 119 126 128 116 95 74 52 35 20 -3 -23 -44 -72 -104 -134 -162 -193 -226 -259 -289 -313 -332 -346 -357 -367 -373 -378 -382 -383 -384 -382 -380 -378 -375 -373 -370 -367 -363 -358 -353 -347 -342 -337 -333 -328 -323 -318 -313 -308 -302 -298 -293 -288 -283 -278 -273 -267 -260 -252 -244 -237 -229 -222 -216 -211 -207 -206 -206 -207 -209
-5 -2 0 7 13 10 5 0 -2 -3 7 22 31 40 53 56 40 42 59 64 58 47 37 30 20 8 2 -2 -28 -59 -83 -107 -133 -159 -185 -212 -240 -267 -291 -311 -327 -340 -350 -357 -364 -369 -372 -374 -376 -376 -376 -375 -374 -372 -370 -368 -365 -360 -355 -349 -343 -338 -332 -327 -321 -315 -308 -301 -294 -288 -282 -275 -268 -261 -253 -246 -238 -230 -221 -212 -203 -194 -186 -180 -176 -174 -174 -175 -177
-3 -1 -4 -3 -1 -2 -3 -4 -7 -9 -8 -5 -1 9 17 16 22 30 30 23 14 6 -1 -11 -23 -37 -50 -64 -82 -100 -120 -142 -165 -188 -210 -232 -253 -273 -292 -309 -323 -334 -342 -349 -355 -360 -363 -366 -368 -369 -369 -369 -369 -368 -367 -365 -363 -359 -354 -348 -341 -335 -329 -322 -316 -309 -301 -292 -283 -274 -266 -257 -249 -240 -231 -222 -212 -203 -192 -181 -170 -160 -151 -144 -139 -135 -135 -135 -137
17 -1 -3 19 20 1 -7 -18 -27 -31 -35 -38 -41 -38 -33 -13 4 -9 -25 -37 -45 -50 -56 -65 -76 -89 -100 -112 -126 -141 -158 -176 -196 -215 -233 -249 -265 -280 -295 -308 -320 -330 -337 -343 -347 -351 -355 -357 -358 -359 -360 -360 -360 -360 -360 -359 -357 -353 -348 -343 -336 -329 -322 -315 -307 -299 -289 -279 -268 -258 -248 -237 -227 -216 -205 -194 -182 -171 -159 -146 -134 -122 -112 -101 -93 -87 -86 -88 -90
71 22 23 26 14 6 -10 -42 -59 -66 -73 -79 -87 -93 -96 -95 -99 -105 -108 -110 -112 -116 -121 -126 -134 -143 -151 -159 -168 -179 -191 -205 -220 -235 -250 -264 -277 -289 -301 -311 -320 -326 -332 -336 -339 -341 -343 -344 -345 -345 -345 -345 -346 -346 -346 -346 -345 -342 -339 -333 -327 -319 -312 -304 -295 -286 -276 -264 -251 -239 -227 -214 -202 -189 -175 -161 -146 -132 -118 -102 -85 -67 -52 -42 -38 -35 -30 -23 -25
191 84 57 30 14 -12 -55 -81 -98 -112 -124 -134 -143 -149 -155 -160 -164 -167 -170 -173 -176 -180 -183 -186 -189 -192 -195 -197 -202 -209 -219 -230 -243 -255 -268 -280 -289 -298 -306 -312 -317 -320 -322 -323 -324 -325 -325 -324 -324 -324 -323 -323 -323 -325 -327 -328 -328 -327 -324 -320 -314 -306 -298 -289 -280 -271 -259 -245 -232 -218 -203 -189 -173 -157 -140 -123 -105 -88 -68 -50 -36 -26 -17 -5 14 36 57 45 -2
92 59 32 12 -16 -64 -95 -117 -139 -160 -178 -191 -200 -208 -215 -221 -224 -226 -228 -229 -232 -233 -233 -234 -235 -234 -233 -233 -235 -238 -244 -253 -262 -272 -281 -290 -297 -302 -305 -306 -306 -306 -305 -303 -300 -298 -296 -294 -293 -292 -292 -291 -293 -296 -299 -303 -306 -307 -306 -303 -297 -290 -282 -272 -262 -252 -239 -226 -211 -194 -177 -158 -140 -121 -101 -78 -51 -27 -3 17 40 69 98 124 144 155 163 167 157
47 17 -9 -22 -57 -101 -129 -154 -175 -192 -210 -227 -240 -249 -254 -258 -263 -266 -268 -270 -272 -270 -269 -270 -268 -265 -262 -260 -258 -258 -261 -266 -273 -279 -284 -288 -291 -292 -291 -289 -285 -280 -274 -268 -264 -260 -257 -255 -254 -254 -254 -255 -258 -262 -267 -273 -278 -282 -283 -281 -277 -270 -262 -252 -241 -229 -217 -202 -186 -167 -147 -127 -106 -83 -56 -26 -20 -11 64 128 157 181 198 217 242 284 324 284 237
-2 -27 -52 -80 -106 -128 -148 -167 -184 -198 -211 -224 -232 -238 -247 -256 -265 -273 -279 -282 -283 -281 -280 -279 -277 -273 -270 -267 -264 -262 -262 -263 -264 -266 -267 -268 -268 -266 -262 -256 -250 -241 -232 -224 -218 -213 -209 -208 -208 -210 -213 -216 -220 -225 -232 -240 -246 -251 -253 -253 -249 -244 -236 -226 -214 -202 -190 -175 -158 -139 -117 -95 -70 -41 -7 36 66 97 159 208 246 297 370 448 497 534 539 479 464
-51 -71 -91 -108 -123 -137 -149 -159 -168 -174 -179 -182 -187 -195 -207 -219 -229 -237 -244 -250 -254 -256 -258 -257 -255 -252 -249 -245 -242 -238 -235 -233 -232 -230 -229 -229 -227 -224 -219 -212 -204 -195 -185 -176 -169 -164 -161 -159 -160 -162 -167 -173 -179 -185 -192 -200 -208 -214 -218 -218 -216 -212 -206 -196 -186 -175 -163 -148 -131 -111 -89 -64 -34 1 40 86 133 206 283 302 351 435 491 515 531 553 514 481 514
-84 -95 -104 -110 -117 -122 -124 -125 -123 -121 -121 -121 -124 -132 -146 -160 -174 -180 -186 -198 -204 -205 -207 -209 -208 -205 -200 -195 -192 -188 -184 -181 -179 -177 -176 -175 -173 -172 -167 -161 -153 -144 -137 -131 -124 -118 -111 -108 -107 -109 -114 -123 -131 -138 -147 -156 -165 -172 -179 -183 -183 -180 -175 -168 -160 -150 -138 -123 -106 -86 -63 -35 -2 38 87 139 204 316 463 571 631 596 506 458 457 514 508 444 418
-94 -98 -98 -97 -93 -89 -82 -71 -62 -56 -47 -37 -38 -50 -64 -72 -61 -65 -117 -139 -137 -138 -139 -138 -136 -132 -128 -123 -122 -122 -120 -118 -115 -116 -117 -118 -117 -117 -114 -109 -103 -95 -86 -68 -46 -29 -34 -47 -46 -46 -55 -68 -81 -90 -103 -115 -125 -135 -143 -150 -153 -153 -150 -145 -138 -128 -115 -100 -83 -63 -39 -11 23 67 114 156 238 351 481 593 599 541 443 391 360 343 339 346 345
-84 -80 -75 -67 -55 -42 -26 -13 -4 12 32 51 56 44 32 19 19 4 -36 -54 -57 -57 -50 -44 -44 -39 -33 -37 -45 -37 -31 -35 -39 -46 -53 -59 -62 -61 -62 -62 -55 -51 -41 -8 15 24 19 2 4 14 4 -11 -1 -7 -51 -78 -91 -104 -114 -122 -128 -129 -128 -123 -117 -107 -95 -80 -63 -43 -21 6 39 83 130 162 224 346 460 472 436 412 385 363 321 294 334 367 335
-65 -56 -45 -28 -8 14 35 56 77 98 113 110 87 88 104 87 62 45 36 29 26 28 42 57 64 73 81 77 70 75 76 65 51 35 18 4 1 7 -7 -18 -14 -8 -3 7 40 69 77 76 91 89 49 33 22 0 -25 -44 -62 -78 -90 -99 -106 -109 -109 -106 -100 -90 -77 -63 -47 -29 -8 17 51 86 81 107 215 318 393 375 333 312 295 287 291 347 430 478 404
-29 -19 -9 15 49 75 99 124 148 165 171 188 213 240 207 172 144 122 118 112 115 125 146 160 173 189 201 198 189 177 166 157 138 105 85 65 46 31 21 6 -8 -9 -10 8 70 108 134 211 356 318 123 65 63 26 -6 -24 -41 -58 -71 -81 -88 -93 -93 -90 -85 -75 -63 -50 -34 -18 0 22 50 71 72 80 134 197 223 209 193 200 236 263 282 389 504 506 464
-4 -11 -23 12 107 151 153 167 184 170 187 280 371 441 453 405 259 124 76 73 130 202 270 293 296 337 365 368 391 374 357 341 266 206 174 120 89 66 46 28 45 78 108 141 155 175 264 377 437 387 215 100 42 -2 -1 -10 -29 -43 -56 -67 -75 -79 -80 -78 -72 -63 -53 -40 -24 -11 -7 17 52 66 78 97 129 194 240 264 302 324 340 338 336 390 467 517 537
32 75 126 177 213 222 240 292 356 365 325 350 374 386 354 215 97 40 32 59 158 285 402 496 512 527 539 593 645 602 574 531 469 407 284 141 68 23 99994 2 42 54 56 95 172 284 373 409 367 245 155 133 74 -2 -7 -3 -20 -35 -46 -56 -63 -68 -70 -68 -63 -55 -45 -33 -19 -5 10 32 57 78 90 108 135 212 310 385 447 420 365 329 370 466 524 541 499
162 187 192 194 220 287 374 421 406 362 354 346 296 250 184 97 50 53 94 159 269 408 538 637 661 676 642 581 530 486 453 383 314 247 177 105 49 21 9 9 21 58 177 339 425 459 448 404 336 222 123 118 99 50 22 0 -17 -29 -40 -49 -56 -61 -63 -62 -56 -49 -39 -26 -13 -8 3 31 57 77 96 125 149 189 281 388 486 471 373 366 409 475 536 580 583
248 292 345 431 532 612 620 519 424 441 456 421 381 298 173 66 54 91 175 282 395 497 546 529 522 620 632 482 373 287 238 215 182 143 108 73 35 18 16 29 64 131 276 506 590 532 454 359 274 207 173 139 92 50 8 -10 -14 -25 -35 -44 -51 -57 -58 -56 -51 -44 -35 -23 -9 1 16 38 58 69 86 114 141 169 253 376 462 495 416 358 374 436 551 633 660
