data/instances/instance_14/DEM.asc
ncols        110
nrows        110
xllcorner    -72.33750000001851
yllcorner    -53.40416666668517
cellsize     0.004166666667
NODATA_value -32767
[rows 0 to 39 of 110, columns 0 to 88 of 110]
557 607 646 671 701 709 668 643 654 682 711 699 666 628 582 521 454 395 330 265 252 297 412 512 556 548 515 540 605 681 745 777 801 814 767 723 755 815 912 880 742 761 862 882 845 803 719 607 618 715 798 854 859 830 741 721 758 780 784 718 623 540 489 467 443 437 488 535 582 601 550 520 505 506 507 475 426 368 324 294 281 277 267 255 244 231 214 205 199
532 573 618 638 652 659 642 614 608 606 618 623 606 582 554 500 431 374 326 311 357 434 526 608 607 578 613 672 740 811 853 847 820 846 859 844 863 879 878 842 809 871 947 899 721 629 582 549 576 644 717 774 796 820 854 907 923 890 827 746 682 609 540 505 484 461 455 457 511 600 595 557 512 485 476 446 401 359 323 295 279 272 262 248 237 227 215 204 196
517 533 567 589 599 600 596 589 578 562 560 575 555 500 434 364 313 293 307 373 465 527 579 657 699 699 706 681 726 780 815 832 737 698 713 725 747 689 623 617 705 880 927 866 758 641 558 532 519 548 622 649 684 768 860 951 957 875 795 722 670 636 596 552 523 493 467 445 447 471 458 451 452 462 479 493 436 362 326 301 282 266 252 240 231 227 221 209 199
500 502 519 540 551 560 569 564 548 526 502 507 483 403 353 362 371 370 409 466 552 624 669 725 777 804 797 704 627 598 596 601 578 591 544 518 561 564 546 598 703 801 806 750 672 588 562 530 479 453 492 555 644 737 798 865 927 913 875 817 777 774 712 658 620 565 519 483 468 451 439 426 408 431 466 501 471 382 335 309 285 266 253 245 236 228 220 210 204
497 484 478 489 502 518 524 522 510 479 426 392 393 407 433 488 527 525 532 553 596 646 703 773 838 887 861 782 693 621 560 501 451 448 443 444 453 476 571 708 819 847 724 625 573 581 597 563 539 449 421 477 565 654 706 782 924 993 961 881 769 688 643 703 733 668 606 538 510 502 492 471 422 407 423 444 467 416 356 325 302 279 264 255 241 226 218 212 206
487 468 448 448 456 476 496 504 486 457 468 526 574 605 604 597 586 583 607 646 703 694 688 768 858 928 859 723 697 683 615 530 453 424 408 394 389 396 465 610 723 798 715 606 538 489 475 485 515 459 401 427 478 551 637 732 842 937 930 860 740 640 578 605 687 713 730 652 576 553 530 501 450 400 382 390 426 418 365 338 331 314 293 278 260 235 217 211 207
487 476 453 431 428 439 456 459 460 472 503 554 603 662 698 721 685 622 643 708 809 814 731 774 868 897 837 702 618 589 597 632 631 593 526 476 430 393 379 402 447 553 619 606 565 483 435 409 410 398 377 383 404 456 532 598 669 784 828 768 684 597 530 501 577 669 721 698 625 570 513 461 416 384 372 370 377 381 357 336 338 337 343 340 311 270 229 211 203
472 458 434 401 402 425 447 472 503 539 571 607 644 700 759 814 809 704 688 765 864 951 939 943 991 974 891 822 781 782 774 766 738 692 676 672 592 520 459 404 369 401 493 552 598 551 487 445 421 414 396 366 356 368 417 466 503 577 665 674 659 598 528 477 506 592 638 659 621 564 491 423 370 343 335 330 340 350 351 344 341 339 353 364 334 293 241 204 196
431 413 399 387 397 437 480 516 558 600 625 643 668 713 783 856 934 900 832 868 917 915 898 948 971 955 923 909 829 737 654 614 593 538 496 517 532 524 473 422 382 355 416 510 588 592 540 485 433 407 390 362 342 328 344 376 407 446 502 539 559 527 459 427 431 479 531 584 589 536 460 377 326 296 267 263 313 353 377 380 369 353 341 345 329 295 244 200 195
399 388 379 384 406 446 499 548 595 640 673 682 709 757 807 866 972 1033 964 916 909 861 807 746 666 704 791 878 865 792 703 639 633 625 557 491 454 445 444 421 384 354 387 482 513 492 439 389 358 341 335 327 324 312 303 318 337 342 361 400 439 460 412 366 363 369 372 378 386 379 364 326 299 299 272 231 261 311 347 372 369 352 330 313 287 253 224 200 189
365 358 367 392 424 464 526 585 627 674 730 754 764 769 782 851 913 879 768 679 718 763 777 733 584 598 740 848 920 848 777 810 824 797 695 586 593 618 594 543 474 409 361 386 403 384 362 341 323 312 303 292 289 285 278 279 273 266 280 316 327 328 313 302 293 278 257 242 268 289 302 283 238 209 191 185 193 242 295 347 356 336 320 292 252 221 213 202 189
356 371 397 433 470 503 555 619 665 711 795 868 903 891 819 839 896 883 868 748 651 611 615 654 566 516 654 799 888 849 738 762 834 859 857 818 816 831 779 681 597 521 434 378 356 337 326 311 300 302 305 313 321 320 327 330 320 320 342 332 289 288 302 290 274 288 304 308 298 258 264 288 284 282 267 231 186 190 206 273 345 345 324 291 257 227 214 211 196
357 382 413 454 503 547 594 684 772 818 876 913 912 886 765 683 771 843 810 710 608 529 476 490 483 481 559 659 696 710 669 677 773 848 862 866 879 863 796 698 630 586 526 449 389 339 318 308 310 343 401 445 458 446 416 386 365 350 356 365 356 355 369 378 378 387 395 386 366 337 328 337 328 306 281 259 241 229 177 190 310 342 318 288 254 221 206 216 208
349 400 437 469 533 596 648 728 821 883 895 840 787 774 714 603 661 802 849 868 779 680 584 522 483 456 445 451 466 488 502 538 624 702 678 650 670 662 607 596 635 636 593 504 413 349 319 316 364 442 504 523 470 421 398 405 432 422 394 377 370 392 409 413 420 429 433 431 421 411 406 382 346 325 308 274 257 264 227 190 231 262 269 265 238 217 204 206 211
342 394 436 470 531 619 707 794 870 887 798 712 637 600 600 553 550 660 785 941 990 947 847 713 636 574 503 483 504 485 420 393 398 435 440 438 463 495 470 452 489 502 499 455 378 342 324 322 361 449 516 566 569 550 516 482 497 492 454 416 382 402 430 457 483 487 488 479 463 448 438 419 374 338 316 285 254 248 246 238 232 201 202 236 236 220 208 202 209
330 376 435 482 527 623 731 819 875 902 849 743 610 486 458 442 435 504 628 755 851 952 979 867 805 800 781 762 756 713 601 514 451 400 372 367 361 356 345 338 353 374 385 381 355 334 320 350 437 504 556 613 634 600 543 474 453 444 425 428 448 467 466 479 509 523 533 519 495 460 430 418 388 354 334 312 278 250 243 231 200 175 175 212 245 238 220 204 200
301 354 418 465 489 556 669 743 794 863 899 833 718 558 476 435 415 422 464 526 652 777 867 846 786 743 724 800 803 713 601 513 468 446 451 455 416 387 366 353 349 346 341 335 331 338 372 444 514 566 619 619 548 481 462 454 442 425 443 535 591 595 573 525 497 484 520 527 496 449 396 377 373 384 393 370 321 255 235 232 178 136 144 171 192 155 107 137 180
267 326 373 421 444 462 544 627 685 746 814 818 788 731 678 608 525 428 376 392 484 600 658 662 638 613 589 581 560 521 495 504 517 525 585 653 646 602 521 454 432 409 391 385 403 453 545 647 700 693 651 577 512 515 570 587 522 473 466 556 673 699 672 588 521 471 462 461 433 397 358 344 358 395 435 420 370 287 227 224 214 218 213 192 186 180 129 102 115
250 290 335 378 404 429 474 531 578 623 667 705 759 791 787 742 664 530 398 364 389 493 550 539 537 519 510 512 514 518 511 546 633 733 824 853 843 822 773 687 632 615 592 574 592 645 741 778 745 682 602 513 506 624 710 723 650 553 513 518 582 618 628 586 526 482 445 406 373 349 328 318 348 395 416 396 353 296 230 204 203 203 203 216 227 225 196 171 161
208 276 330 358 340 350 387 430 482 530 572 612 659 702 686 626 567 501 409 356 345 444 600 649 669 670 682 681 668 633 598 623 711 812 909 973 1017 1037 1007 898 811 817 786 690 658 674 701 683 620 557 485 464 505 613 712 771 783 692 610 544 538 564 563 555 535 501 440 394 362 335 316 310 331 387 397 357 321 287 231 191 189 191 191 200 213 210 196 170 149
151 202 258 313 320 328 332 351 393 424 451 486 526 570 584 524 468 427 375 359 387 477 632 745 820 881 942 939 870 731 642 650 723 872 965 1014 1047 1049 1032 981 877 828 825 771 722 664 608 569 547 523 489 480 519 579 666 762 859 817 681 569 497 498 505 505 484 453 414 383 354 324 302 299 320 364 412 358 270 237 211 188 185 192 193 194 204 203 186 168 155
131 147 165 196 221 265 290 290 305 324 350 381 417 460 498 462 398 325 281 337 417 493 590 695 791 880 990 1032 975 875 749 705 717 770 813 848 855 853 857 854 751 675 704 710 701 664 594 558 544 500 469 489 524 558 648 768 866 871 717 580 485 439 419 405 404 401 398 406 388 333 301 290 296 326 401 382 273 229 217 200 189 189 185 167 164 170 163 160 150
37 39 60 66 59 127 218 237 246 237 229 225 262 324 358 356 319 271 227 274 375 446 516 614 707 790 874 920 921 910 845 804 796 796 795 771 758 736 685 677 653 612 577 562 570 580 522 480 507 489 429 449 503 540 601 650 684 736 682 590 508 425 375 353 356 361 388 429 450 383 309 286 278 277 295 305 256 214 206 202 199 202 201 183 160 153 152 127 95
2 8 15 12 99998 9 51 92 152 160 154 160 186 238 251 228 191 157 154 195 294 385 440 511 595 688 767 768 763 825 862 834 790 749 746 763 819 838 804 759 650 555 477 462 490 593 587 486 462 442 416 421 422 454 535 549 517 531 533 540 521 421 361 339 315 310 395 487 497 436 323 268 251 235 227 225 214 198 193 194 205 216 211 198 176 169 174 137 83
147 128 87 37 1 99993 2 18 51 79 119 156 170 172 155 126 91 80 93 121 190 288 355 421 485 558 642 677 696 792 886 833 764 733 698 637 684 803 828 801 779 729 596 516 451 460 485 465 441 398 389 411 404 398 428 421 420 421 383 401 434 385 338 312 291 285 357 490 505 431 333 256 230 215 204 196 193 194 200 199 204 210 201 186 169 157 160 145 86
210 220 205 124 26 4 2 4 10 19 61 112 140 153 136 100 53 34 32 48 96 170 230 304 379 457 501 515 588 698 783 809 774 722 648 590 577 632 654 663 700 748 709 649 567 498 421 381 403 386 347 349 370 414 429 387 390 409 387 359 335 309 302 294 271 269 292 390 448 371 296 258 241 221 199 181 178 180 183 198 227 219 187 166 153 153 153 146 102
160 189 194 168 102 70 40 24 19 9 16 38 52 59 60 61 53 52 68 93 111 117 156 187 194 278 345 353 442 612 723 773 757 719 687 649 572 534 524 525 523 542 567 577 535 515 494 469 437 393 343 326 332 364 408 402 395 365 333 325 315 317 352 387 345 306 284 272 255 225 223 232 239 220 198 181 176 175 182 195 212 211 181 158 140 138 147 143 118
128 140 153 173 162 137 128 127 52 13 19 14 16 21 33 39 31 22 14 3 -14 -11 75 146 175 208 226 252 273 415 575 641 673 666 654 647 621 591 566 555 558 568 566 509 427 416 395 371 367 381 376 341 314 305 321 332 330 329 362 358 337 349 369 390 394 394 377 351 303 242 215 207 204 191 179 179 184 178 172 166 165 175 169 153 128 106 116 121 111
105 104 109 101 84 71 84 122 146 179 140 94 44 8 48 44 0 -8 -3 -2 -2 -8 11 30 67 140 197 228 226 308 439 532 612 620 599 585 568 559 551 548 553 572 602 593 514 473 457 449 439 455 461 409 365 359 353 345 319 287 313 337 339 348 343 344 354 367 366 343 296 233 209 207 194 175 168 168 174 173 161 148 139 143 142 121 94 71 73 94 90
63 70 87 79 39 24 21 27 43 113 162 184 143 56 48 51 20 -4 -3 -1 -1 -1 -1 -13 2 67 114 153 203 249 316 395 500 574 573 571 575 547 503 489 485 480 479 489 490 480 465 462 471 476 473 459 467 461 427 399 365 337 322 283 286 303 308 324 305 285 276 261 247 232 225 215 198 173 159 153 154 157 147 135 130 129 131 118 76 42 25 55 66
46 45 49 49 43 39 20 9 7 32 67 116 145 92 53 54 37 3 -7 -3 -2 -1 -1 -2 -3 -2 -5 47 98 150 221 256 341 468 508 517 538 537 496 462 438 438 459 453 437 437 446 437 424 413 402 383 397 397 367 339 308 293 294 283 274 252 258 295 302 291 263 230 219 211 197 185 180 173 164 152 140 135 129 115 114 132 160 173 110 52 65 67 48
23 25 29 27 28 33 29 27 23 16 20 43 101 107 56 46 46 23 16 22 20 3 -3 -1 -1 -1 -2 -4 -22 34 143 194 237 311 370 436 479 462 442 425 406 387 371 359 365 380 411 425 432 415 390 384 388 338 308 304 284 268 258 246 246 239 220 230 255 250 238 221 212 204 190 176 171 163 148 132 119 114 111 98 93 127 170 204 175 88 37 99990 11
-4 1 15 19 17 16 18 28 27 8 10 35 74 95 99 105 63 44 40 30 27 11 -2 -2 -1 -1 -1 -1 -9 -1 73 142 177 213 247 330 428 449 444 426 398 376 358 343 333 338 357 349 320 308 322 347 369 373 395 378 357 347 338 320 297 264 219 202 213 216 227 219 203 188 174 161 153 148 138 124 111 100 92 85 81 122 205 218 160 96 58 16 99991
-2 -1 3 4 0 1 7 12 18 20 27 38 43 47 59 64 71 84 53 27 22 14 2 -2 -1 -1 -1 -1 -2 -7 8 17 65 158 199 246 353 426 442 431 404 397 397 417 436 440 431 416 392 351 313 301 314 318 312 315 341 349 346 315 288 275 247 221 193 161 165 176 173 164 155 152 155 148 134 118 106 97 89 83 79 84 137 155 85 51 52 29 1
-1 -1 -1 -2 -1 -1 -2 -2 6 14 19 19 12 13 13 8 10 21 24 20 18 17 9 0 -1 -1 -1 -1 -1 -1 -1 -14 6 90 153 183 269 388 427 436 444 448 438 442 454 467 484 473 447 445 441 418 386 349 305 264 264 266 279 287 301 273 226 212 190 162 153 161 156 144 140 139 136 132 126 118 105 94 88 82 74 65 68 78 66 49 29 4 -2
1 -2 -1 -1 -1 -1 -1 -2 1 7 12 14 10 7 7 9 5 7 6 3 2 11 17 12 6 0 -2 -1 -1 -1 -1 -4 -9 35 107 146 188 245 292 385 445 463 467 464 448 439 470 473 450 434 413 412 405 396 382 354 316 272 253 230 254 270 245 215 173 140 121 123 126 116 109 108 113 125 127 123 104 84 81 73 58 46 37 41 42 32 17 2 -6
6 -1 -2 -1 -1 -1 -1 -1 -1 2 6 9 12 14 24 44 62 69 39 23 15 14 18 13 7 1 -1 -1 -1 -1 -1 -1 -8 3 56 96 140 184 219 297 377 413 425 429 425 422 426 427 456 502 503 476 428 407 392 365 339 316 280 231 218 212 203 197 163 129 109 97 100 108 116 109 90 97 103 109 102 84 71 59 47 39 33 29 20 13 8 -3 -22
-3 -3 -1 -1 -1 -1 -1 -1 -1 0 3 7 11 12 17 27 26 19 29 48 35 19 8 -2 -2 -2 -1 -1 -2 -2 -2 -1 -1 -2 -6 -13 55 145 179 225 317 373 379 381 373 371 372 360 379 436 445 427 406 378 356 334 292 254 224 207 198 178 161 156 142 118 97 81 94 115 129 134 110 94 81 77 77 60 45 40 34 25 16 7 0 -6 -13 -25 -41
6 -8 -1 -1 -1 -1 -1 -1 -1 -1 -1 0 6 10 9 9 15 18 17 15 16 17 13 10 5 0 -1 -2 -4 -5 -5 -4 -2 -1 -1 -10 11 87 136 161 238 330 350 344 339 337 328 304 278 284 293 300 303 301 300 282 250 217 181 153 142 128 115 110 104 91 81 72 74 85 102 118 116 110 80 44 34 31 35 31 18 7 -3 -13 -23 -33 -44 -54 -63
39 -7 -4 -1 -1 -1 -1 -1 -1 -1 -1 -1 -1 -1 -3 -2 3 2 99992 3 10 9 12 10 5 2 0 -3 -5 -7 -7 -7 -5 -3 -2 -4 -7 36 98 120 153 228 261 264 271 271 243 212 190 184 208 225 230 234 226 203 183 153 128 110 100 89 90 92 81 72 70 69 70 80 91 97 95 86 61 29 26 26 23 14 1 -10 -21 -33 -45 -57 -67 -78 -87
