data/instance_12/DEM.asc
ncols        90
nrows        90
xllcorner    -84.92500000001517
yllcorner    78.81249999998516
cellsize     0.004166666667
NODATA_value -32767
[rows 0 to 37 of 90, columns 0 to 84 of 90]
-77 -76 -76 -76 -76 -76 -76 -76 -75 -75 -75 -74 -74 -73 -71 -70 -70 -72 -74 -76 -77 -78 -78 -79 -79 -79 -79 -79 -79 -79 -78 -76 -74 -72 -72 -72 -72 -73 -75 -77 -78 -80 -81 -83 -84 -86 -88 -90 -92 -94 -96 -98 -100 -103 -105 -107 -109 -111 -113 -114 -116 -118 -120 -121 -123 -125 -126 -128 -130 -131 -133 -135 -137 -138 -140 -142 -144 -145 -147 -149 -150 -151 -153 -154 -155
-77 -77 -77 -77 -78 -78 -78 -79 -79 -80 -81 -82 -83 -84 -85 -84 -83 -82 -81 -80 -80 -80 -80 -80 -79 -78 -78 -79 -79 -78 -74 -71 -71 -71 -72 -74 -75 -77 -77 -78 -79 -81 -82 -83 -85 -86 -88 -90 -92 -93 -95 -97 -99 -101 -102 -104 -105 -107 -108 -110 -112 -113 -115 -117 -118 -120 -121 -123 -125 -126 -128 -130 -131 -133 -135 -137 -138 -140 -142 -143 -145 -146 -148 -149 -150
-78 -78 -79 -79 -79 -79 -79 -79 -79 -80 -79 -79 -79 -79 -79 -81 -85 -86 -85 -84 -84 -84 -84 -84 -83 -81 -80 -78 -77 -75 -74 -74 -74 -74 -75 -76 -77 -77 -78 -79 -80 -81 -82 -83 -85 -86 -88 -89 -91 -93 -94 -95 -97 -98 -99 -100 -102 -103 -104 -105 -107 -108 -110 -111 -113 -114 -116 -117 -119 -121 -122 -124 -126 -128 -129 -131 -133 -135 -136 -138 -140 -141 -143 -144 -146
-80 -80 -80 -80 -80 -81 -81 -81 -82 -82 -83 -85 -86 -86 -85 -87 -88 -88 -89 -88 -87 -86 -86 -85 -83 -80 -78 -76 -77 -79 -82 -83 -82 -81 -79 -78 -77 -77 -78 -79 -80 -81 -82 -83 -85 -86 -87 -88 -90 -91 -92 -93 -94 -95 -96 -97 -98 -99 -99 -100 -101 -101 -102 -104 -105 -107 -109 -111 -113 -115 -116 -118 -120 -122 -123 -125 -127 -128 -130 -131 -133 -135 -137 -139 -141
-81 -81 -81 -81 -81 -81 -82 -82 -82 -82 -83 -86 -89 -90 -89 -89 -89 -89 -89 -88 -87 -85 -83 -81 -79 -77 -75 -75 -75 -76 -77 -78 -79 -79 -79 -80 -80 -80 -81 -82 -83 -83 -84 -85 -86 -87 -88 -89 -90 -91 -92 -93 -94 -95 -96 -97 -98 -98 -99 -99 -99 -99 -99 -101 -103 -105 -107 -108 -110 -111 -112 -113 -114 -116 -117 -118 -119 -120 -121 -122 -123 -124 -126 -127 -129
-82 -82 -82 -83 -83 -83 -83 -84 -84 -84 -84 -85 -85 -85 -86 -87 -86 -86 -85 -84 -83 -82 -81 -80 -79 -78 -78 -78 -78 -78 -78 -79 -80 -80 -81 -82 -82 -83 -84 -85 -86 -86 -87 -88 -89 -90 -91 -92 -93 -94 -95 -95 -96 -97 -97 -98 -99 -99 -100 -100 -101 -101 -102 -104 -105 -107 -108 -109 -110 -110 -111 -112 -112 -113 -114 -114 -115 -115 -115 -115 -116 -116 -117 -117 -118
-83 -83 -83 -84 -84 -84 -84 -85 -85 -84 -84 -83 -83 -83 -83 -83 -82 -82 -82 -81 -81 -80 -79 -78 -78 -78 -78 -78 -79 -79 -80 -81 -82 -82 -83 -84 -85 -86 -87 -88 -89 -90 -91 -92 -93 -94 -94 -95 -95 -96 -96 -96 -97 -97 -97 -98 -98 -99 -100 -100 -100 -100 -101 -101 -102 -103 -104 -105 -105 -106 -106 -106 -107 -107 -107 -107 -107 -107 -107 -107 -108 -108 -108 -109 -109
-83 -84 -84 -84 -84 -84 -84 -84 -84 -84 -84 -83 -83 -83 -83 -83 -82 -82 -82 -81 -80 -78 -76 -75 -75 -75 -76 -77 -78 -79 -80 -82 -83 -84 -85 -87 -88 -89 -90 -92 -93 -94 -95 -96 -96 -96 -96 -96 -96 -96 -96 -96 -97 -97 -97 -98 -98 -98 -99 -99 -99 -99 -99 -99 -98 -98 -98 -98 -97 -97 -96 -96 -95 -94 -94 -93 -92 -91 -91 -90 -89 -89 -88 -87 -87
-84 -85 -85 -85 -85 -85 -86 -86 -86 -86 -86 -87 -87 -87 -87 -87 -87 -86 -84 -84 -83 -83 -82 -81 -81 -81 -80 -80 -80 -81 -83 -84 -86 -88 -89 -91 -93 -94 -96 -96 -96 -96 -96 -96 -96 -96 -96 -96 -96 -96 -96 -97 -97 -97 -97 -97 -97 -97 -97 -97 -97 -96 -96 -95 -94 -94 -93 -92 -90 -89 -88 -87 -85 -84 -82 -81 -79 -78 -76 -74 -72 -70 -67 -65 -62
-85 -86 -86 -86 -87 -87 -87 -87 -88 -89 -89 -89 -89 -89 -89 -86 -84 -81 -79 -80 -81 -83 -85 -86 -85 -84 -82 -81 -82 -83 -85 -87 -88 -90 -92 -94 -95 -96 -96 -97 -97 -97 -97 -97 -97 -97 -97 -97 -97 -97 -97 -97 -97 -97 -97 -97 -97 -97 -96 -96 -95 -94 -93 -92 -91 -90 -89 -87 -86 -84 -83 -81 -79 -77 -75 -73 -71 -68 -64 -61 -57 -53 -49 -45 -42
-86 -86 -87 -87 -87 -87 -87 -88 -88 -88 -88 -88 -88 -88 -82 -76 -75 -75 -77 -80 -83 -84 -82 -80 -79 -78 -78 -80 -83 -86 -89 -92 -94 -96 -97 -98 -98 -98 -98 -98 -98 -98 -98 -98 -98 -98 -97 -97 -97 -98 -98 -98 -97 -97 -97 -97 -96 -96 -95 -94 -93 -92 -91 -90 -89 -87 -85 -84 -82 -80 -78 -76 -74 -71 -67 -64 -60 -56 -51 -47 -43 -38 -33 -28 -23
-87 -87 -87 -88 -88 -88 -88 -88 -89 -89 -89 -89 -89 -87 -82 -79 -78 -78 -79 -78 -78 -77 -76 -75 -76 -79 -84 -87 -89 -91 -94 -95 -96 -97 -97 -98 -98 -99 -99 -100 -100 -101 -101 -101 -101 -101 -101 -100 -99 -99 -99 -98 -98 -97 -97 -96 -95 -94 -93 -92 -91 -90 -88 -87 -85 -83 -81 -79 -76 -74 -71 -68 -65 -61 -58 -54 -49 -43 -38 -32 -27 -22 -18 -13 -5
-89 -89 -89 -88 -88 -88 -88 -89 -91 -91 -91 -91 -91 -88 -85 -84 -85 -86 -87 -88 -89 -88 -86 -85 -86 -89 -91 -91 -91 -91 -92 -94 -94 -94 -93 -93 -94 -95 -96 -98 -99 -101 -102 -103 -103 -102 -101 -100 -99 -99 -98 -97 -96 -95 -94 -93 -92 -91 -90 -89 -87 -86 -84 -82 -79 -77 -74 -72 -69 -67 -64 -61 -58 -55 -52 -49 -44 -34 -24 -13 -5 -2 5 22 39
-92 -92 -92 -92 -92 -92 -93 -93 -93 -93 -93 -93 -93 -92 -91 -91 -92 -93 -94 -93 -92 -88 -85 -84 -86 -88 -89 -90 -91 -92 -93 -93 -93 -93 -94 -94 -94 -95 -95 -96 -96 -97 -97 -97 -97 -96 -96 -95 -95 -94 -93 -92 -91 -90 -89 -88 -87 -86 -85 -83 -82 -79 -76 -74 -71 -68 -66 -63 -61 -58 -56 -55 -53 -48 -38 -23 -4 11 16 17 17 20 29 47 71
-93 -94 -94 -94 -94 -94 -94 -93 -93 -94 -94 -95 -94 -91 -90 -91 -92 -92 -90 -87 -87 -87 -87 -88 -89 -90 -91 -92 -92 -93 -93 -94 -94 -94 -95 -95 -95 -95 -94 -94 -94 -94 -93 -93 -92 -92 -91 -90 -90 -89 -88 -87 -86 -85 -84 -82 -81 -78 -76 -74 -71 -67 -64 -60 -57 -53 -51 -48 -45 -43 -40 -37 -32 -21 -8 4 21 40 54 63 73 79 81 84 92
-95 -95 -95 -95 -96 -96 -96 -96 -96 -95 -93 -93 -95 -95 -96 -96 -96 -94 -89 -88 -88 -90 -92 -93 -93 -94 -94 -94 -95 -95 -95 -95 -95 -95 -95 -95 -94 -94 -93 -93 -92 -91 -90 -90 -89 -88 -87 -86 -85 -84 -83 -82 -80 -79 -76 -73 -69 -65 -61 -57 -52 -47 -43 -39 -35 -31 -28 -24 -20 -17 -13 -7 -1 9 21 40 65 85 94 97 103 117 136 154 167
-99 -99 -99 -99 -99 -99 -100 -99 -95 -90 -89 -89 -88 -88 -89 -90 -90 -90 -89 -90 -91 -93 -94 -96 -96 -96 -96 -96 -96 -96 -96 -95 -95 -94 -94 -93 -92 -92 -91 -90 -89 -88 -87 -86 -85 -84 -83 -82 -81 -79 -78 -77 -75 -71 -67 -61 -55 -49 -43 -37 -31 -25 -19 -13 -9 -7 -5 -3 -1 -1 2 13 32 55 79 101 121 133 135 137 151 177 204 225 241
-105 -105 -105 -105 -104 -104 -104 -103 -101 -99 -98 -97 -95 -95 -94 -94 -95 -96 -97 -99 -100 -101 -101 -100 -99 -99 -98 -97 -97 -96 -95 -94 -94 -93 -92 -91 -90 -89 -88 -87 -86 -85 -84 -83 -82 -80 -79 -78 -76 -75 -72 -69 -65 -60 -54 -47 -41 -34 -27 -19 -11 -5 0 6 8 8 5 3 3 7 19 46 85 124 147 153 158 166 176 193 218 253 283 303 318
-111 -111 -110 -110 -109 -109 -109 -107 -103 -100 -99 -98 -98 -97 -97 -97 -97 -97 -98 -98 -98 -98 -98 -98 -97 -97 -96 -96 -95 -94 -93 -93 -92 -91 -90 -89 -88 -87 -86 -84 -83 -82 -80 -79 -77 -76 -74 -71 -68 -65 -61 -56 -51 -46 -40 -34 -28 -23 -16 -10 -4 -1 5 12 15 17 20 22 23 25 41 72 107 132 141 143 149 162 181 206 239 272 298 319 335
-113 -113 -112 -111 -110 -110 -109 -108 -107 -106 -104 -102 -100 -99 -98 -98 -97 -97 -97 -96 -96 -96 -95 -95 -94 -94 -93 -93 -92 -91 -91 -90 -89 -88 -87 -86 -85 -83 -82 -81 -79 -77 -74 -71 -68 -64 -61 -57 -53 -49 -44 -39 -35 -30 -26 -22 -18 -14 -10 -7 -2 5 18 32 41 47 51 51 49 48 52 60 73 93 116 136 153 169 186 203 223 246 269 292 312
-116 -116 -115 -112 -108 -108 -109 -107 -105 -102 -98 -96 -96 -96 -96 -95 -95 -95 -94 -94 -94 -93 -93 -92 -91 -91 -90 -90 -89 -88 -87 -86 -85 -84 -83 -82 -81 -79 -77 -75 -71 -67 -62 -58 -53 -49 -44 -39 -35 -31 -27 -23 -18 -14 -8 -2 4 10 17 26 37 58 85 108 125 136 140 137 125 108 89 72 65 70 81 93 105 116 127 138 152 169 189 210 223
-112 -110 -107 -104 -102 -103 -106 -112 -113 -108 -103 -100 -98 -97 -96 -95 -94 -94 -93 -92 -91 -91 -90 -89 -88 -88 -87 -86 -85 -84 -83 -82 -81 -80 -78 -75 -72 -69 -65 -61 -56 -51 -45 -40 -34 -29 -23 -18 -13 -8 -4 0 6 12 19 26 36 49 63 79 101 129 154 168 167 159 156 155 149 134 110 87 78 81 91 107 125 138 142 142 142 144 147 149 148
-112 -110 -106 -102 -99 -99 -103 -107 -106 -103 -101 -100 -98 -97 -95 -94 -93 -92 -91 -90 -89 -87 -86 -85 -85 -84 -83 -82 -81 -79 -78 -77 -75 -72 -69 -65 -60 -55 -50 -45 -39 -34 -29 -23 -17 -10 -4 0 4 12 23 37 60 84 94 97 101 114 136 160 181 196 206 208 204 198 191 183 171 157 143 128 116 109 114 134 160 181 200 215 227 233 231 213 188
-114 -113 -111 -109 -107 -103 -103 -104 -103 -101 -99 -97 -96 -94 -93 -92 -90 -89 -88 -86 -85 -84 -83 -82 -80 -79 -78 -77 -76 -74 -73 -71 -68 -64 -59 -54 -48 -42 -37 -31 -25 -19 -13 -8 -2 6 16 31 52 77 100 119 137 151 160 166 173 182 192 202 210 219 233 253 267 264 249 232 225 223 219 204 183 164 153 149 157 177 208 243 274 300 310 299 281
-109 -108 -108 -108 -104 -100 -100 -99 -98 -97 -96 -94 -93 -91 -90 -88 -87 -86 -84 -83 -82 -80 -79 -78 -77 -75 -74 -73 -71 -69 -66 -63 -59 -55 -50 -43 -36 -30 -22 -15 -8 -3 4 11 20 36 58 79 99 116 133 150 165 177 188 198 209 220 228 229 225 231 253 283 304 307 297 292 297 303 306 303 295 276 245 218 209 216 232 254 280 303 313 313 315
-92 -92 -93 -94 -94 -94 -94 -93 -92 -91 -90 -89 -88 -86 -85 -84 -83 -82 -80 -79 -78 -77 -76 -74 -73 -72 -70 -69 -67 -65 -62 -60 -56 -53 -49 -45 -39 -32 -22 -9 -1 6 23 42 56 70 89 106 120 131 140 146 152 157 163 172 184 198 209 214 219 235 267 299 313 316 314 315 320 324 326 326 321 309 292 278 270 267 271 282 296 305 305 305 314
-82 -81 -81 -82 -82 -83 -83 -83 -83 -83 -83 -82 -81 -81 -80 -79 -79 -78 -77 -76 -75 -74 -72 -71 -70 -69 -67 -66 -64 -62 -60 -58 -56 -54 -52 -50 -47 -42 -31 -11 4 25 56 85 106 126 146 167 184 193 193 191 195 204 213 215 213 212 216 225 238 255 276 294 304 309 315 322 330 337 342 346 345 341 336 336 339 340 335 324 313 308 308 319 343
-80 -78 -77 -77 -77 -78 -78 -78 -78 -78 -78 -77 -77 -77 -77 -76 -76 -75 -74 -73 -72 -71 -70 -69 -67 -66 -65 -63 -60 -57 -53 -49 -45 -41 -36 -30 -24 -15 -5 6 20 45 76 109 141 172 196 213 224 232 236 243 258 278 289 287 283 284 294 305 305 290 274 272 280 293 305 317 330 348 365 377 380 377 377 381 389 392 388 382 380 383 393 409 437
-78 -77 -77 -77 -77 -77 -77 -76 -76 -76 -76 -76 -75 -75 -75 -74 -74 -73 -72 -71 -70 -69 -68 -67 -66 -64 -63 -60 -57 -53 -49 -44 -39 -33 -27 -22 -15 -8 0 10 27 55 89 125 162 195 220 239 253 260 265 277 295 312 320 319 315 315 318 319 316 309 302 296 293 294 300 310 327 352 377 391 391 388 394 409 426 438 448 456 462 467 476 492 512
-84 -83 -82 -81 -80 -79 -79 -78 -77 -77 -76 -76 -76 -75 -74 -74 -73 -72 -71 -70 -69 -68 -67 -66 -64 -63 -62 -59 -55 -50 -45 -40 -35 -29 -24 -19 -13 -6 0 10 28 54 87 126 168 200 222 243 263 282 298 312 323 328 328 325 322 319 317 317 319 321 323 323 325 329 335 346 362 381 397 405 409 415 427 445 464 482 500 517 532 545 558 572 584
-89 -88 -87 -85 -84 -83 -82 -81 -80 -79 -78 -77 -77 -76 -75 -74 -73 -72 -71 -70 -69 -68 -67 -65 -64 -62 -60 -57 -53 -48 -42 -36 -29 -23 -16 -8 -3 -1 0 12 33 56 83 119 150 172 187 208 235 258 276 290 298 301 297 291 286 285 288 297 310 325 340 355 368 379 389 401 415 428 440 451 462 473 487 502 519 538 558 577 592 605 616 623 629
-90 -90 -89 -88 -87 -86 -85 -84 -83 -82 -80 -79 -78 -77 -76 -75 -74 -73 -72 -71 -69 -68 -67 -66 -64 -63 -61 -58 -53 -49 -43 -37 -31 -24 -17 -10 -5 -2 4 18 29 43 67 98 123 143 161 180 196 206 201 189 188 202 224 245 261 275 291 312 332 352 372 392 408 421 434 448 461 474 487 500 514 530 550 569 583 596 606 614 619 625 632 636 637
-100 -98 -95 -93 -92 -90 -88 -87 -86 -84 -83 -82 -80 -79 -78 -77 -76 -74 -73 -72 -71 -69 -68 -67 -65 -64 -62 -60 -57 -53 -48 -42 -37 -32 -27 -22 -17 -12 -7 -2 6 19 37 57 77 97 117 134 146 151 149 147 150 160 181 217 260 299 330 352 371 387 402 416 430 444 459 475 491 509 530 549 566 582 597 607 615 620 625 627 629 629 629 628 624
-102 -101 -98 -97 -95 -93 -91 -90 -88 -87 -85 -84 -83 -81 -80 -79 -78 -77 -75 -74 -73 -71 -70 -68 -67 -65 -64 -61 -59 -55 -51 -47 -43 -39 -34 -29 -24 -20 -15 -10 -5 -1 3 11 21 32 43 57 75 101 131 155 172 189 214 251 292 332 363 385 403 418 430 441 451 464 480 497 517 542 570 593 610 621 626 624 619 614 611 608 605 602 596 587 574
-105 -103 -101 -99 -98 -96 -94 -92 -91 -89 -88 -87 -86 -85 -83 -82 -81 -80 -78 -77 -76 -74 -73 -71 -70 -68 -66 -65 -63 -60 -57 -54 -50 -46 -42 -38 -34 -30 -25 -21 -18 -14 -11 -7 -3 2 12 28 51 86 125 158 185 213 246 281 316 350 381 406 427 443 454 461 468 476 486 499 521 552 583 605 621 626 615 593 566 548 538 531 529 528 522 507 484
-110 -107 -104 -102 -100 -99 -97 -96 -94 -93 -92 -91 -89 -88 -87 -86 -84 -83 -82 -80 -79 -78 -76 -75 -73 -72 -70 -69 -67 -65 -63 -61 -58 -55 -51 -47 -43 -39 -34 -30 -25 -20 -16 -11 -7 -3 1 7 30 71 107 138 171 208 247 286 323 352 377 403 431 454 467 471 473 477 483 493 508 526 543 561 574 569 543 509 482 468 460 456 454 450 439 422 400
-113 -109 -106 -104 -103 -102 -101 -99 -98 -97 -96 -95 -93 -92 -91 -90 -89 -87 -86 -85 -83 -82 -81 -79 -78 -77 -75 -74 -72 -71 -69 -67 -66 -64 -62 -58 -54 -49 -44 -38 -32 -26 -19 -12 -5 -2 -1 6 27 49 71 104 147 190 231 267 293 311 333 374 424 451 449 436 429 434 446 456 464 473 485 502 512 506 487 460 433 409 392 384 381 373 356 331 311
-114 -111 -108 -107 -106 -105 -104 -103 -101 -100 -99 -98 -97 -96 -95 -94 -93 -92 -91 -90 -89 -88 -86 -85 -84 -83 -81 -80 -79 -78 -76 -75 -74 -72 -71 -69 -67 -63 -58 -52 -46 -40 -34 -28 -22 -17 -12 -6 1 11 32 63 99 137 176 217 256 286 311 331 349 369 388 407 427 444 457 462 461 460 463 467 462 448 429 405 377 349 326 311 300 291 282 273 263
