data/instance_12/DEM.asc
ncols        90
nrows        90
xllcorner    -84.92500000001517
yllcorner    78.81249999998516
cellsize     0.004166666667
NODATA_value -32767
[rows 38 to 75 of 90, columns 0 to 84 of 90]
-115 -112 -110 -109 -108 -107 -107 -106 -105 -104 -103 -103 -102 -101 -100 -100 -99 -98 -97 -96 -96 -95 -94 -93 -92 -91 -90 -89 -88 -87 -86 -86 -85 -84 -83 -82 -80 -76 -72 -67 -62 -56 -51 -45 -39 -33 -27 -21 -14 -6 5 23 53 96 144 185 220 247 265 274 286 305 329 356 385 412 428 428 420 415 412 403 385 356 326 308 300 292 281 267 254 242 230 219 210
-115 -113 -112 -112 -111 -110 -110 -109 -109 -109 -108 -108 -108 -107 -107 -107 -106 -106 -106 -105 -105 -104 -104 -103 -103 -102 -102 -101 -101 -101 -100 -100 -99 -98 -98 -97 -96 -93 -90 -86 -81 -76 -70 -64 -58 -52 -44 -36 -28 -18 -7 4 28 61 94 130 162 183 189 190 193 200 208 216 224 231 237 242 246 248 248 243 233 222 215 216 220 221 218 213 207 200 192 184 177
-115 -113 -113 -113 -112 -112 -112 -112 -112 -113 -113 -113 -113 -113 -114 -114 -114 -114 -114 -114 -115 -115 -115 -115 -114 -114 -114 -115 -115 -115 -115 -115 -115 -115 -115 -115 -115 -114 -113 -111 -107 -102 -96 -90 -84 -77 -69 -60 -51 -39 -28 -18 -8 4 14 27 39 49 55 57 55 52 51 54 58 62 64 66 71 78 83 82 74 66 68 77 88 98 105 110 112 113 115 117 118
-112 -112 -111 -111 -112 -112 -112 -113 -113 -114 -115 -115 -116 -117 -118 -119 -119 -120 -121 -122 -122 -123 -123 -124 -124 -125 -125 -126 -127 -128 -128 -129 -130 -130 -131 -131 -132 -132 -132 -132 -131 -129 -126 -122 -118 -113 -108 -103 -97 -91 -85 -79 -73 -66 -60 -54 -49 -44 -40 -37 -35 -33 -32 -30 -28 -26 -24 -22 -20 -18 -16 -15 -14 -13 -13 -11 -8 -5 -3 0 6 13 20 28 35
-106 -106 -106 -106 -107 -108 -109 -109 -111 -112 -113 -114 -116 -117 -118 -120 -121 -122 -124 -125 -126 -127 -128 -129 -130 -131 -133 -134 -135 -136 -138 -139 -140 -142 -143 -144 -145 -146 -146 -147 -148 -148 -147 -147 -146 -145 -144 -142 -141 -139 -136 -134 -132 -129 -126 -123 -120 -117 -115 -112 -109 -107 -104 -102 -98 -94 -90 -85 -81 -77 -73 -70 -66 -62 -59 -55 -51 -47 -42 -37 -31 -24 -18 -12 -7
-96 -96 -96 -97 -98 -99 -101 -102 -104 -105 -107 -109 -111 -113 -115 -117 -119 -120 -122 -124 -126 -127 -129 -130 -132 -134 -135 -137 -139 -141 -143 -145 -147 -149 -150 -152 -154 -155 -156 -157 -158 -159 -160 -160 -161 -161 -160 -160 -159 -159 -158 -157 -155 -154 -153 -151 -150 -148 -147 -145 -143 -141 -139 -138 -136 -134 -131 -129 -126 -123 -120 -117 -113 -108 -103 -98 -92 -86 -81 -75 -69 -62 -56 -49 -42
-76 -76 -76 -76 -77 -78 -79 -81 -83 -85 -87 -90 -93 -95 -99 -102 -105 -109 -112 -115 -118 -121 -124 -127 -130 -133 -136 -139 -141 -144 -146 -149 -151 -153 -156 -158 -160 -162 -164 -165 -167 -168 -169 -170 -171 -171 -171 -171 -171 -171 -170 -170 -169 -168 -167 -166 -165 -164 -162 -161 -160 -158 -157 -155 -154 -153 -151 -150 -148 -147 -145 -143 -142 -139 -137 -133 -130 -125 -121 -116 -110 -105 -99 -94 -88
-43 -40 -38 -36 -35 -34 -33 -33 -33 -34 -36 -39 -42 -46 -52 -58 -64 -71 -79 -86 -93 -100 -107 -113 -120 -126 -133 -138 -142 -145 -148 -151 -154 -157 -160 -162 -165 -167 -169 -171 -173 -175 -176 -178 -179 -179 -180 -180 -181 -181 -181 -181 -181 -180 -180 -179 -178 -178 -177 -176 -175 -174 -173 -172 -171 -169 -168 -167 -166 -165 -163 -162 -161 -159 -158 -156 -154 -152 -150 -148 -145 -143 -139 -135 -131
-9 -6 -2 6 18 24 27 28 27 25 20 16 10 5 -1 -9 -19 -31 -44 -56 -68 -80 -92 -102 -113 -122 -131 -138 -143 -146 -150 -153 -156 -159 -163 -165 -168 -171 -174 -176 -178 -180 -182 -184 -185 -186 -187 -188 -189 -189 -189 -190 -190 -190 -190 -190 -190 -189 -189 -188 -188 -187 -186 -186 -185 -184 -183 -182 -181 -180 -179 -178 -176 -175 -173 -172 -170 -169 -167 -165 -164 -162 -160 -158 -156
12 25 42 66 87 104 119 128 120 101 82 65 50 37 15 2 -4 -15 -30 -44 -57 -71 -84 -96 -109 -121 -131 -137 -142 -145 -149 -152 -156 -160 -163 -166 -169 -172 -175 -178 -180 -183 -185 -187 -188 -190 -191 -192 -193 -194 -195 -196 -196 -197 -197 -197 -197 -197 -197 -197 -197 -197 -196 -196 -195 -195 -194 -193 -192 -191 -190 -189 -188 -186 -185 -183 -182 -180 -179 -177 -175 -173 -171 -169 -167
37 64 98 137 162 165 159 148 132 113 90 60 36 17 2 -4 -12 -23 -35 -47 -60 -73 -84 -96 -108 -119 -128 -133 -137 -141 -145 -149 -153 -156 -160 -163 -167 -170 -173 -176 -179 -181 -183 -185 -187 -189 -191 -192 -194 -195 -196 -197 -198 -199 -200 -200 -201 -201 -202 -202 -202 -202 -202 -201 -201 -201 -200 -199 -198 -197 -196 -195 -194 -192 -191 -189 -188 -186 -184 -182 -181 -179 -177 -175 -173
23 46 82 116 125 114 94 76 60 47 34 24 17 7 -2 -10 -22 -33 -45 -56 -67 -78 -89 -101 -112 -120 -127 -131 -135 -139 -142 -147 -151 -154 -158 -161 -165 -168 -171 -174 -177 -179 -181 -183 -185 -187 -189 -191 -193 -194 -196 -197 -198 -199 -200 -201 -202 -203 -203 -204 -204 -204 -204 -204 -204 -203 -203 -202 -201 -200 -199 -197 -196 -194 -192 -191 -189 -187 -185 -183 -181 -179 -177 -176 -174
1 15 34 39 31 17 7 0 -5 -10 -15 -20 -24 -29 -36 -43 -51 -60 -69 -78 -87 -96 -105 -113 -121 -128 -133 -137 -140 -143 -147 -150 -154 -157 -161 -164 -167 -170 -173 -176 -178 -180 -182 -184 -187 -188 -190 -192 -194 -195 -197 -198 -200 -201 -202 -203 -203 -204 -205 -205 -205 -206 -206 -205 -205 -205 -204 -203 -202 -200 -199 -197 -195 -194 -192 -190 -188 -186 -183 -181 -179 -177 -175 -173 -171
-21 -15 -12 -12 -17 -24 -32 -40 -47 -54 -60 -67 -73 -79 -86 -92 -99 -104 -110 -116 -121 -127 -133 -139 -143 -148 -151 -153 -156 -159 -162 -165 -168 -170 -173 -176 -178 -181 -183 -185 -187 -189 -190 -192 -194 -195 -197 -198 -200 -201 -202 -203 -204 -205 -206 -207 -208 -208 -208 -208 -209 -208 -208 -208 -207 -206 -205 -204 -202 -201 -199 -197 -195 -192 -190 -188 -186 -183 -181 -179 -176 -174 -172 -170 -168
-92 -91 -91 -92 -94 -97 -102 -106 -112 -118 -123 -128 -134 -140 -145 -150 -154 -159 -162 -165 -167 -169 -171 -174 -176 -178 -180 -182 -183 -185 -187 -189 -191 -193 -195 -196 -198 -199 -201 -202 -203 -204 -205 -206 -207 -208 -209 -210 -211 -211 -212 -213 -213 -213 -214 -214 -214 -214 -214 -213 -213 -212 -212 -211 -210 -208 -207 -205 -203 -201 -198 -196 -193 -191 -188 -185 -183 -180 -178 -175 -172 -170 -168 -165 -163
-159 -160 -162 -164 -166 -169 -172 -175 -178 -181 -184 -187 -191 -195 -198 -200 -202 -204 -205 -206 -207 -208 -209 -210 -211 -212 -213 -214 -215 -216 -217 -218 -218 -219 -220 -220 -221 -221 -222 -222 -222 -223 -223 -223 -223 -224 -224 -224 -224 -224 -223 -223 -223 -223 -222 -222 -221 -220 -219 -219 -217 -216 -215 -213 -211 -209 -207 -205 -202 -200 -197 -193 -190 -187 -184 -181 -178 -175 -172 -169 -166 -164 -161 -159 -157
-197 -200 -202 -205 -208 -211 -214 -217 -220 -223 -226 -228 -231 -233 -235 -237 -238 -239 -240 -240 -241 -242 -242 -243 -243 -244 -244 -244 -244 -244 -244 -244 -244 -244 -244 -243 -243 -243 -242 -242 -242 -241 -241 -240 -239 -239 -238 -237 -237 -236 -235 -234 -233 -232 -231 -229 -228 -226 -225 -223 -221 -220 -218 -215 -213 -210 -207 -204 -201 -197 -194 -190 -187 -183 -180 -176 -172 -169 -166 -163 -160 -157 -154 -151 -149
-221 -223 -227 -230 -233 -237 -240 -243 -246 -249 -252 -255 -257 -259 -261 -262 -263 -264 -265 -266 -266 -267 -267 -267 -267 -267 -266 -266 -266 -265 -265 -264 -263 -263 -262 -261 -260 -259 -259 -258 -257 -256 -255 -254 -253 -251 -250 -249 -248 -246 -245 -243 -241 -240 -238 -236 -234 -232 -230 -228 -225 -223 -220 -217 -214 -210 -207 -203 -200 -195 -191 -187 -183 -179 -175 -171 -167 -163 -159 -156 -153 -150 -147 -144 -142
-241 -244 -248 -251 -254 -258 -261 -264 -267 -270 -272 -275 -277 -279 -281 -282 -283 -284 -284 -285 -285 -285 -285 -285 -285 -284 -284 -283 -282 -281 -281 -280 -278 -277 -276 -275 -274 -273 -271 -270 -269 -268 -266 -265 -263 -262 -260 -258 -257 -255 -253 -251 -249 -247 -245 -242 -240 -237 -234 -232 -229 -226 -223 -219 -215 -211 -207 -203 -198 -194 -189 -185 -180 -175 -171 -167 -162 -158 -154 -151 -147 -144 -140 -138 -136
-257 -261 -264 -267 -271 -274 -277 -280 -283 -286 -289 -291 -293 -295 -296 -297 -298 -299 -299 -299 -300 -300 -299 -299 -299 -298 -297 -296 -295 -294 -293 -292 -291 -290 -288 -287 -285 -284 -283 -281 -280 -278 -276 -275 -273 -271 -269 -267 -265 -263 -261 -259 -256 -254 -251 -248 -245 -243 -240 -236 -233 -229 -226 -222 -217 -213 -208 -203 -198 -192 -187 -182 -177 -172 -167 -163 -158 -153 -149 -145 -141 -138 -135 -132 -129
-268 -271 -274 -278 -281 -285 -288 -291 -294 -296 -299 -301 -303 -305 -306 -307 -308 -309 -309 -309 -309 -309 -309 -309 -308 -307 -307 -306 -305 -304 -302 -301 -300 -299 -297 -296 -294 -293 -291 -289 -288 -286 -284 -283 -281 -279 -277 -274 -272 -270 -268 -265 -262 -260 -257 -254 -251 -247 -244 -241 -237 -233 -229 -224 -219 -214 -208 -203 -197 -192 -186 -180 -174 -169 -164 -158 -153 -149 -144 -140 -136 -132 -129 -126 -124
-271 -274 -278 -281 -285 -288 -291 -294 -297 -300 -302 -305 -307 -308 -310 -311 -312 -313 -313 -314 -314 -314 -314 -313 -313 -312 -312 -311 -310 -309 -308 -307 -305 -304 -302 -301 -300 -298 -297 -295 -293 -292 -290 -288 -286 -284 -282 -280 -277 -275 -272 -270 -267 -264 -261 -258 -255 -251 -248 -244 -240 -235 -231 -226 -220 -215 -209 -203 -197 -191 -185 -179 -173 -167 -162 -156 -150 -145 -141 -136 -133 -129 -126 -123 -120
-266 -269 -273 -277 -281 -284 -288 -291 -294 -296 -299 -302 -304 -306 -307 -308 -310 -311 -311 -312 -312 -312 -313 -312 -312 -312 -311 -311 -310 -309 -308 -307 -306 -305 -304 -303 -301 -300 -298 -297 -295 -294 -292 -290 -288 -286 -284 -282 -279 -277 -274 -272 -269 -266 -263 -260 -256 -253 -249 -246 -241 -237 -232 -226 -221 -215 -210 -204 -198 -192 -185 -179 -173 -167 -162 -156 -151 -146 -141 -137 -133 -129 -126 -124 -121
-255 -259 -263 -267 -270 -274 -278 -281 -284 -287 -290 -293 -295 -297 -299 -300 -302 -303 -304 -305 -306 -306 -307 -307 -307 -307 -307 -306 -306 -306 -305 -304 -303 -302 -302 -301 -299 -298 -297 -296 -294 -293 -291 -289 -287 -285 -283 -281 -279 -276 -274 -271 -269 -266 -263 -260 -257 -253 -249 -246 -242 -237 -232 -227 -222 -217 -211 -205 -199 -193 -187 -181 -176 -170 -164 -159 -154 -149 -145 -141 -138 -135 -132 -129 -126
-240 -244 -249 -252 -256 -260 -264 -267 -271 -274 -277 -280 -282 -284 -286 -288 -290 -292 -293 -294 -295 -296 -297 -298 -298 -298 -299 -299 -299 -299 -299 -298 -298 -297 -297 -296 -295 -294 -293 -292 -291 -289 -288 -286 -285 -283 -281 -279 -277 -275 -272 -270 -267 -264 -262 -259 -256 -253 -249 -246 -242 -237 -233 -228 -223 -218 -213 -208 -202 -196 -191 -185 -180 -175 -170 -165 -161 -157 -152 -149 -146 -143 -140 -138 -136
-223 -228 -232 -236 -240 -244 -248 -251 -255 -258 -261 -264 -267 -269 -271 -274 -276 -277 -279 -281 -282 -284 -285 -286 -287 -288 -289 -289 -290 -290 -290 -290 -290 -290 -290 -290 -289 -289 -288 -287 -286 -285 -284 -282 -281 -279 -278 -276 -274 -272 -270 -267 -265 -263 -260 -258 -255 -252 -249 -246 -242 -238 -234 -230 -226 -221 -216 -212 -207 -202 -197 -193 -188 -183 -178 -174 -170 -167 -163 -160 -158 -155 -153 -150 -148
-204 -208 -212 -216 -220 -224 -228 -232 -236 -239 -242 -245 -248 -251 -253 -256 -259 -261 -263 -265 -267 -269 -271 -272 -274 -275 -276 -278 -278 -279 -280 -281 -281 -282 -282 -282 -282 -281 -281 -281 -280 -279 -278 -277 -276 -275 -274 -272 -271 -269 -267 -265 -263 -261 -259 -257 -255 -253 -250 -247 -244 -241 -237 -234 -230 -226 -222 -218 -214 -210 -206 -202 -198 -194 -191 -187 -184 -181 -178 -175 -173 -171 -169 -167 -165
-178 -183 -188 -193 -197 -201 -205 -209 -213 -216 -219 -223 -226 -229 -233 -235 -238 -241 -244 -246 -249 -252 -254 -256 -258 -260 -262 -264 -265 -267 -268 -269 -270 -271 -272 -273 -273 -273 -274 -274 -273 -273 -273 -272 -271 -271 -270 -269 -268 -267 -265 -264 -263 -261 -260 -258 -257 -255 -253 -251 -249 -246 -244 -241 -238 -235 -232 -229 -226 -223 -220 -216 -213 -210 -207 -205 -202 -200 -197 -196 -194 -192 -190 -189 -187
-140 -148 -155 -162 -169 -174 -179 -184 -188 -191 -195 -199 -202 -205 -209 -212 -216 -219 -222 -226 -229 -232 -235 -238 -241 -243 -246 -248 -250 -253 -254 -256 -258 -260 -261 -262 -263 -264 -265 -265 -266 -266 -266 -266 -266 -266 -266 -265 -265 -265 -264 -263 -263 -262 -262 -261 -260 -259 -258 -257 -256 -254 -253 -251 -250 -248 -246 -244 -242 -240 -238 -236 -234 -232 -231 -229 -227 -226 -224 -223 -222 -220 -219 -218 -217
-94 -103 -113 -121 -130 -138 -145 -152 -158 -164 -169 -173 -177 -181 -185 -189 -192 -196 -200 -204 -208 -211 -215 -218 -221 -225 -228 -231 -234 -237 -239 -242 -244 -246 -248 -250 -252 -253 -254 -256 -257 -258 -258 -259 -260 -260 -261 -261 -261 -262 -262 -262 -263 -263 -263 -263 -263 -264 -264 -264 -264 -263 -263 -263 -262 -262 -261 -261 -260 -259 -259 -258 -257 -257 -256 -255 -255 -254 -253 -253 -253 -252 -252 -251 -251
-52 -60 -68 -75 -83 -92 -100 -108 -115 -123 -131 -138 -144 -150 -156 -162 -167 -172 -176 -180 -185 -189 -193 -198 -201 -205 -209 -212 -216 -219 -222 -225 -228 -231 -234 -236 -238 -240 -242 -244 -246 -247 -249 -250 -252 -253 -254 -255 -256 -258 -259 -260 -261 -262 -263 -264 -265 -267 -268 -269 -270 -270 -271 -272 -273 -274 -274 -275 -276 -276 -277 -277 -278 -278 -278 -279 -279 -280 -280 -280 -281 -281 -281 -281 -281
-14 -18 -23 -28 -36 -43 -50 -57 -64 -71 -78 -85 -92 -100 -108 -115 -122 -130 -137 -144 -151 -158 -164 -170 -175 -181 -186 -191 -195 -199 -203 -207 -210 -213 -216 -220 -223 -225 -228 -230 -233 -235 -238 -240 -242 -244 -246 -248 -250 -252 -254 -256 -258 -260 -262 -264 -266 -268 -270 -271 -273 -275 -277 -279 -280 -282 -284 -285 -287 -288 -290 -291 -292 -294 -295 -296 -297 -298 -299 -300 -301 -302 -303 -304 -304
14 10 7 -6 -18 -19 -17 -15 -17 -20 -24 -29 -35 -41 -48 -55 -63 -71 -79 -88 -97 -106 -116 -125 -134 -143 -151 -159 -166 -173 -179 -184 -189 -193 -197 -201 -205 -208 -212 -216 -219 -222 -226 -229 -232 -235 -238 -241 -244 -247 -250 -253 -255 -258 -261 -263 -266 -269 -272 -274 -277 -279 -282 -284 -286 -289 -291 -293 -296 -298 -300 -302 -304 -306 -308 -309 -311 -313 -314 -316 -317 -318 -320 -321 -322
36 30 23 10 3 2 5 9 10 10 10 10 10 9 6 0 -7 -12 -19 -28 -38 -50 -62 -74 -87 -100 -110 -120 -130 -139 -147 -155 -163 -169 -175 -180 -185 -190 -195 -199 -203 -208 -212 -216 -220 -224 -228 -232 -236 -239 -243 -247 -251 -254 -257 -261 -264 -267 -271 -274 -277 -281 -284 -286 -289 -292 -295 -298 -301 -304 -306 -309 -311 -314 -316 -318 -320 -323 -325 -327 -329 -330 -332 -334 -336
52 47 40 32 29 30 34 36 35 32 32 35 40 45 51 53 48 38 29 16 2 -12 -28 -45 -61 -75 -87 -96 -104 -111 -117 -123 -130 -136 -143 -150 -157 -164 -172 -178 -184 -190 -195 -200 -205 -210 -214 -219 -223 -228 -232 -236 -241 -245 -249 -253 -257 -261 -264 -268 -272 -275 -279 -283 -286 -290 -293 -296 -300 -303 -306 -309 -312 -315 -318 -320 -323 -325 -328 -330 -333 -335 -338 -340 -342
72 71 68 67 76 96 116 123 120 115 112 110 108 105 102 99 95 89 76 53 29 11 -4 -22 -45 -64 -70 -72 -73 -74 -77 -81 -87 -93 -100 -107 -115 -123 -131 -138 -147 -155 -164 -172 -179 -186 -192 -198 -203 -209 -214 -218 -223 -227 -232 -236 -240 -244 -249 -253 -257 -261 -265 -269 -273 -277 -281 -285 -288 -292 -295 -299 -302 -305 -309 -312 -315 -318 -321 -324 -327 -329 -332 -335 -337
153 142 121 106 108 120 133 142 149 153 154 154 153 153 152 150 146 140 130 117 103 88 73 58 44 30 16 5 -4 -11 -16 -23 -29 -37 -44 -52 -60 -68 -76 -84 -93 -101 -110 -119 -129 -138 -147 -155 -163 -171 -178 -185 -192 -198 -203 -208 -213 -217 -222 -226 -230 -235 -239 -243 -248 -252 -256 -260 -264 -268 -272 -275 -279 -283 -286 -290 -293 -296 -300 -303 -307 -310 -313 -316 -319
235 206 165 143 149 162 166 164 159 155 151 148 149 151 153 155 156 156 157 156 150 138 125 116 109 100 87 71 56 43 30 21 14 8 2 -3 -8 -13 -19 -26 -34 -43 -51 -60 -69 -78 -86 -94 -103 -112 -121 -129 -137 -145 -152 -159 -166 -173 -180 -186 -191 -196 -202 -207 -211 -216 -221 -225 -229 -233 -237 -241 -245 -248 -252 -256 -260 -263 -267 -270 -274 -277 -280 -284 -287
