data/instances/instance_13/DEM.asc
ncols        100
nrows        100
xllcorner    -16.945833333350166
yllcorner    27.845833333316833
cellsize     0.004166666667
NODATA_value -32767
[rows 37 to 73 of 100, columns 0 to 83 of 100]
-1396 -1451 -1532 -1588 -1616 -1635 -1643 -1666 -1686 -1704 -1717 -1725 -1716 -1707 -1698 -1677 -1646 -1619 -1585 -1567 -1561 -1474 -1381 -1296 -1182 -1050 -929 -869 -880 -894 -852 -772 -386 -331 -268 -299 -220 -145 -97 -65 -46 -38 -31 7 21 33 45 59 64 81 97 121 145 172 205 247 330 461 643 818 727 674 689 718 740 747 769 763 684 632 643 722 775 776 769 770 743 731 730 701 663 615 579 584
-1422 -1468 -1528 -1587 -1600 -1626 -1645 -1665 -1691 -1715 -1732 -1741 -1733 -1720 -1709 -1691 -1662 -1633 -1609 -1587 -1575 -1532 -1438 -1309 -1187 -1093 -998 -925 -953 -973 -933 -861 -766 -387 -329 -276 -289 -222 -154 -101 -64 -50 -40 -26 2 11 22 33 46 64 93 104 124 163 234 279 361 497 706 852 716 637 647 653 659 661 659 629 555 528 532 626 683 698 691 685 666 658 657 638 613 590 538 522
-1443 -1495 -1552 -1587 -1599 -1616 -1629 -1651 -1686 -1718 -1741 -1758 -1752 -1736 -1720 -1699 -1673 -1653 -1644 -1626 -1607 -1574 -1474 -1344 -1256 -1189 -1133 -1081 -1056 -1023 -980 -936 -860 -773 -395 -354 -308 -230 -227 -153 -96 -73 -57 -34 -15 -7 8 15 36 67 80 84 103 154 191 238 323 446 574 679 657 590 594 599 596 587 568 537 481 466 469 512 563 636 651 637 624 606 597 581 555 522 488 477
-1451 -1495 -1533 -1578 -1585 -1585 -1598 -1625 -1672 -1719 -1748 -1772 -1771 -1752 -1733 -1713 -1683 -1669 -1671 -1671 -1639 -1613 -1545 -1474 -1409 -1338 -1264 -1214 -1170 -1083 -1019 -997 -950 -859 -766 -405 -360 -338 -317 -227 -155 -113 -83 -48 -23 -13 -9 4 24 32 46 60 78 107 152 212 287 358 443 534 521 526 548 535 528 525 515 473 430 430 432 455 574 612 624 600 579 562 540 518 502 467 446 435
-1450 -1486 -1521 -1557 -1565 -1581 -1612 -1643 -1668 -1717 -1751 -1784 -1785 -1765 -1739 -1711 -1685 -1692 -1708 -1708 -1656 -1621 -1608 -1612 -1560 -1468 -1370 -1317 -1240 -1167 -1096 -1032 -1022 -955 -858 -755 -437 -382 -380 -319 -227 -157 -103 -60 -32 -23 -19 -15 -9 16 27 40 62 103 185 239 273 285 337 435 455 480 495 476 474 489 454 425 394 394 406 460 607 600 573 561 527 508 484 456 438 418 401 405
-1439 -1475 -1518 -1546 -1571 -1594 -1627 -1661 -1697 -1736 -1769 -1799 -1797 -1764 -1727 -1697 -1694 -1717 -1740 -1735 -1685 -1681 -1663 -1639 -1602 -1553 -1468 -1397 -1330 -1256 -1189 -1099 -1084 -1026 -957 -876 -781 -412 -319 -377 -308 -209 -128 -73 -42 -31 -27 -24 -17 -9 21 32 62 115 155 129 160 208 258 372 416 425 422 419 419 416 379 365 349 353 372 400 503 524 467 486 465 428 410 392 383 374 371 377
-1444 -1473 -1511 -1573 -1600 -1608 -1623 -1665 -1718 -1769 -1800 -1813 -1790 -1742 -1716 -1719 -1736 -1763 -1773 -1766 -1740 -1691 -1670 -1664 -1647 -1620 -1544 -1485 -1428 -1342 -1276 -1202 -1153 -1096 -1054 -999 -919 -824 -390 -294 -200 -278 -174 -98 -51 -32 -28 -28 -24 -16 14 31 60 102 122 111 150 179 260 346 369 370 366 367 343 313 320 320 315 316 332 356 437 518 424 424 402 372 359 348 340 340 339 345
-1456 -1482 -1501 -1587 -1623 -1627 -1635 -1677 -1755 -1800 -1825 -1819 -1766 -1732 -1736 -1754 -1778 -1798 -1808 -1803 -1770 -1707 -1712 -1695 -1659 -1640 -1611 -1570 -1496 -1443 -1383 -1320 -1261 -1207 -1146 -1110 -1050 -940 -492 -392 -312 -151 -234 -133 -65 -31 -21 -23 -25 -22 9 35 65 113 118 136 151 169 234 283 309 309 308 321 311 285 282 293 291 300 318 358 404 456 408 349 336 321 309 313 322 315 311 321
-1474 -1498 -1599 -1612 -1631 -1647 -1671 -1720 -1769 -1809 -1841 -1824 -1764 -1754 -1774 -1798 -1814 -1824 -1842 -1834 -1792 -1750 -1750 -1716 -1693 -1698 -1680 -1636 -1588 -1545 -1482 -1422 -1379 -1322 -1229 -1170 -1142 -1057 -925 -518 -417 -261 -253 -182 -86 -31 -10 -12 -22 -28 5 26 43 85 106 108 129 160 199 231 250 260 264 302 312 270 260 263 271 289 305 316 328 342 315 306 257 252 274 300 330 295 275 288
-1505 -1530 -1623 -1634 -1680 -1685 -1708 -1753 -1782 -1834 -1856 -1829 -1773 -1781 -1807 -1820 -1820 -1855 -1876 -1860 -1804 -1772 -1780 -1747 -1746 -1750 -1727 -1698 -1668 -1607 -1559 -1526 -1478 -1390 -1300 -1202 -1172 -1133 -1025 -887 -494 -340 -314 -236 -120 -40 -9 -8 -18 -28 3 21 29 48 67 98 133 173 200 192 202 203 211 245 274 253 242 239 258 275 277 287 297 299 253 239 223 240 271 314 336 263 237 255
-1496 -1530 -1639 -1675 -1722 -1737 -1737 -1768 -1817 -1861 -1868 -1838 -1794 -1802 -1844 -1861 -1869 -1888 -1908 -1881 -1839 -1811 -1814 -1794 -1801 -1794 -1757 -1735 -1709 -1664 -1633 -1588 -1527 -1450 -1374 -1283 -1205 -1163 -1106 -997 -849 -759 -177 -95 -182 -78 -34 -19 -19 -27 5 17 27 42 52 67 92 137 186 161 168 172 171 192 269 262 221 222 240 263 270 279 268 289 291 235 209 236 256 241 227 196 195 218
-1505 -1630 -1659 -1708 -1744 -1770 -1775 -1800 -1848 -1880 -1880 -1832 -1808 -1826 -1869 -1889 -1904 -1915 -1928 -1904 -1884 -1846 -1838 -1849 -1852 -1832 -1791 -1763 -1738 -1712 -1675 -1631 -1573 -1517 -1453 -1381 -1286 -1208 -1179 -1102 -965 -809 -296 -157 -114 -172 -100 -52 -28 5 10 13 24 30 33 33 52 78 104 126 147 158 149 195 206 184 187 202 218 233 240 244 235 231 240 223 188 202 202 180 169 169 170 177
-1552 -1666 -1695 -1759 -1805 -1837 -1855 -1861 -1896 -1917 -1872 -1808 -1817 -1846 -1877 -1897 -1923 -1940 -1947 -1924 -1907 -1877 -1860 -1887 -1893 -1866 -1822 -1788 -1769 -1745 -1714 -1671 -1629 -1584 -1531 -1445 -1364 -1277 -1221 -1174 -1065 -917 -402 -314 -242 -143 -190 -100 2 10 10 9 15 33 47 26 35 54 108 206 238 209 157 155 137 138 160 178 191 201 202 207 202 193 181 177 169 164 166 157 148 144 148 150
-1709 -1723 -1740 -1790 -1826 -1863 -1903 -1927 -1952 -1931 -1858 -1836 -1850 -1866 -1874 -1900 -1940 -1970 -1968 -1931 -1915 -1913 -1913 -1927 -1920 -1880 -1836 -1816 -1800 -1777 -1750 -1721 -1688 -1641 -1563 -1499 -1451 -1358 -1241 -1187 -1130 -1028 -896 -393 -331 -219 -258 -186 -94 -56 1 7 7 22 32 17 24 44 118 270 365 327 188 121 111 125 141 155 162 168 167 177 174 172 163 160 149 148 144 139 132 122 126 122
-1761 -1771 -1777 -1825 -1858 -1889 -1922 -1960 -1988 -1903 -1864 -1877 -1893 -1904 -1888 -1915 -1960 -1997 -1981 -1948 -1947 -1956 -1965 -1964 -1931 -1888 -1863 -1851 -1837 -1822 -1798 -1766 -1726 -1665 -1611 -1579 -1531 -1429 -1289 -1197 -1175 -1125 -1034 -913 -845 -364 -197 -301 -201 -117 -33 -10 -20 -15 -21 8 12 34 93 246 333 319 171 104 99 107 145 153 136 135 133 135 140 149 148 137 131 134 128 123 118 101 99 92
-1812 -1818 -1811 -1852 -1898 -1925 -1947 -1986 -2003 -1909 -1882 -1899 -1939 -1960 -1949 -1942 -1963 -2020 -2005 -1978 -1989 -2011 -2008 -1978 -1920 -1891 -1888 -1889 -1886 -1859 -1822 -1788 -1747 -1699 -1674 -1647 -1594 -1501 -1385 -1300 -1224 -1194 -1156 -1073 -954 -875 -388 -311 -345 -216 -85 -40 -67 -53 -24 -14 8 34 88 180 237 184 105 84 83 87 92 100 101 109 108 107 112 121 123 118 123 114 110 107 101 85 73 71
-1866 -1862 -1852 -1876 -1917 -1953 -1961 -1997 -2033 -1954 -1937 -1950 -1980 -1999 -1990 -1971 -1986 -2040 -2040 -2013 -2027 -2049 -2032 -1982 -1943 -1939 -1932 -1936 -1914 -1864 -1846 -1815 -1796 -1757 -1729 -1695 -1637 -1566 -1501 -1417 -1270 -1249 -1249 -1216 -1127 -992 -595 -527 -336 -325 -152 -74 -40 -79 -21 -9 12 107 138 164 175 141 96 71 70 73 74 71 79 86 89 89 92 95 99 102 104 90 87 89 84 69 58 53
-1932 -1919 -1904 -1916 -1957 -1979 -1970 -1984 -2051 -2009 -2005 -2025 -2043 -2052 -2035 -1994 -2005 -2051 -2076 -2065 -2078 -2071 -2028 -1994 -1982 -1972 -1974 -1962 -1934 -1915 -1889 -1865 -1824 -1797 -1765 -1726 -1681 -1624 -1575 -1503 -1397 -1362 -1328 -1319 -1268 -1156 -1010 -718 -559 -394 -319 -199 -140 -138 -111 -74 3 108 134 150 154 124 75 57 54 57 65 61 68 71 75 77 75 77 80 89 79 63 61 69 71 60 39 33
-1967 -1971 -1962 -1961 -2001 -2018 -1980 -1952 -2012 -2056 -2054 -2063 -2089 -2112 -2076 -2023 -2020 -2069 -2115 -2114 -2119 -2078 -2046 -2014 -2000 -2011 -2009 -1981 -1966 -1948 -1921 -1887 -1849 -1826 -1792 -1747 -1693 -1636 -1581 -1549 -1508 -1474 -1417 -1371 -1347 -1278 -1160 -1015 -924 -573 -472 -385 -291 -233 -174 -108 -72 21 110 135 136 122 72 51 46 51 55 53 59 62 65 61 60 61 67 79 69 49 47 54 52 46 31 13
-1976 -2012 -2019 -2021 -2039 -2049 -1985 -1933 -1964 -2025 -2094 -2115 -2135 -2149 -2127 -2060 -2039 -2082 -2141 -2158 -2131 -2086 -2069 -2055 -2045 -2047 -2032 -2014 -1992 -1964 -1932 -1901 -1873 -1828 -1788 -1738 -1721 -1624 -1528 -1562 -1578 -1527 -1470 -1419 -1371 -1346 -1272 -1159 -1021 -936 -493 -544 -445 -334 -226 -127 -84 8 52 88 84 64 47 42 39 41 44 45 49 50 52 47 47 50 61 68 49 33 31 33 34 29 16 8
-1966 -2016 -2059 -2068 -2071 -2088 -2054 -2001 -1976 -1993 -2052 -2103 -2147 -2161 -2165 -2089 -2054 -2112 -2165 -2176 -2145 -2118 -2091 -2096 -2103 -2079 -2054 -2031 -2003 -1973 -1943 -1909 -1864 -1820 -1797 -1808 -1805 -1719 -1657 -1654 -1595 -1558 -1537 -1473 -1407 -1366 -1343 -1269 -1163 -1033 -665 -522 -589 -443 -303 -186 -119 -88 12 35 51 50 53 38 36 34 31 34 38 39 41 37 42 54 71 50 29 16 17 15 13 16 8 -12
-1993 -2016 -2057 -2093 -2108 -2122 -2104 -2061 -2004 -2014 -2067 -2099 -2136 -2169 -2175 -2127 -2108 -2150 -2193 -2201 -2188 -2165 -2148 -2145 -2126 -2093 -2055 -2015 -1982 -1953 -1921 -1870 -1807 -1805 -1860 -1887 -1853 -1775 -1722 -1692 -1678 -1625 -1562 -1507 -1442 -1385 -1362 -1338 -1275 -1169 -1037 -756 -668 -555 -399 -268 -171 -96 13 30 49 52 48 34 33 29 25 25 25 25 28 27 37 49 47 28 11 6 6 5 5 -1 -6 -5
-2029 -2038 -2055 -2098 -2137 -2153 -2147 -2110 -2051 -2050 -2085 -2109 -2131 -2189 -2232 -2241 -2208 -2199 -2222 -2221 -2209 -2196 -2180 -2149 -2108 -2065 -2021 -1995 -1977 -1942 -1912 -1857 -1814 -1882 -1933 -1922 -1866 -1804 -1789 -1752 -1699 -1626 -1576 -1542 -1484 -1429 -1389 -1388 -1358 -1282 -1164 -1062 -774 -674 -496 -348 -224 -114 10 22 66 68 37 35 32 29 25 19 15 13 17 17 24 34 37 17 5 1 -4 -4 -10 -4 -7 -5
-2051 -2056 -2060 -2078 -2144 -2173 -2184 -2163 -2109 -2093 -2116 -2139 -2161 -2217 -2261 -2293 -2280 -2250 -2245 -2233 -2220 -2196 -2161 -2120 -2075 -2037 -2008 -2002 -1996 -1975 -1964 -1954 -1963 -1977 -1988 -1961 -1911 -1867 -1820 -1753 -1665 -1601 -1612 -1596 -1546 -1509 -1470 -1422 -1398 -1368 -1274 -1130 -843 -721 -536 -425 -284 -166 8 15 39 45 36 37 32 25 19 9 2 3 8 14 21 23 28 11 -15 -45 -5 -15 -24 -14 -11 -6
-2070 -2077 -2075 -2086 -2128 -2182 -2210 -2210 -2160 -2119 -2140 -2188 -2207 -2247 -2285 -2304 -2300 -2282 -2254 -2222 -2185 -2157 -2125 -2094 -2063 -2040 -2029 -2043 -2053 -2053 -2056 -2058 -2050 -2059 -2044 -1979 -1913 -1861 -1806 -1737 -1674 -1639 -1672 -1638 -1605 -1584 -1531 -1451 -1432 -1426 -1361 -1228 -1055 -753 -636 -464 -338 -192 5 11 23 29 31 30 24 15 9 5 2 4 4 14 17 12 6 -1 -1 -3 -8 -18 -19 -25 -108 -131
-2089 -2103 -2111 -2121 -2134 -2181 -2222 -2240 -2213 -2161 -2170 -2209 -2255 -2289 -2320 -2329 -2324 -2266 -2215 -2186 -2126 -2101 -2092 -2110 -2121 -2098 -2109 -2130 -2142 -2138 -2131 -2137 -2116 -2091 -2028 -1934 -1860 -1822 -1777 -1733 -1673 -1690 -1731 -1704 -1674 -1626 -1562 -1514 -1480 -1447 -1407 -1293 -1134 -795 -684 -490 -384 -242 -113 4 10 15 18 19 14 8 3 2 -9 -1 6 17 24 19 -1 -4 -1 -6 -101 -133 -131 -153 -256 -330
-2108 -2134 -2151 -2158 -2167 -2195 -2228 -2253 -2263 -2229 -2234 -2252 -2291 -2324 -2347 -2358 -2348 -2270 -2207 -2189 -2154 -2124 -2123 -2144 -2173 -2196 -2216 -2231 -2233 -2205 -2164 -2128 -2102 -2048 -1969 -1890 -1839 -1822 -1798 -1763 -1748 -1778 -1790 -1754 -1706 -1642 -1603 -1565 -1501 -1434 -1403 -1114 -979 -1059 -716 -596 -448 -235 -190 -98 -28 -14 7 7 5 2 -1 -1 -4 -1 -2 -9 12 14 -38 -63 -104 -203 -287 -333 -301 -278 -408 -574
-2102 -2148 -2176 -2194 -2207 -2221 -2233 -2258 -2282 -2289 -2289 -2295 -2333 -2358 -2373 -2383 -2362 -2290 -2244 -2214 -2195 -2206 -2206 -2229 -2277 -2298 -2306 -2303 -2292 -2244 -2174 -2118 -2057 -2006 -1944 -1873 -1877 -1865 -1841 -1861 -1876 -1853 -1818 -1788 -1739 -1713 -1673 -1599 -1491 -1405 -1391 -1134 -1043 -909 -783 -712 -597 -430 -274 -166 -82 -42 -32 -6 -6 -7 -14 -20 -18 -16 -24 -55 -42 -59 -111 -201 -319 -463 -545 -582 -474 -441 -548 -669
-2065 -2110 -2157 -2195 -2221 -2243 -2265 -2274 -2288 -2309 -2331 -2345 -2358 -2374 -2391 -2402 -2384 -2317 -2271 -2228 -2221 -2258 -2268 -2315 -2342 -2338 -2328 -2319 -2298 -2242 -2168 -2108 -2060 -2023 -1969 -1917 -1930 -1920 -1939 -1949 -1921 -1883 -1859 -1816 -1797 -1770 -1695 -1589 -1511 -1452 -1411 -1183 -1066 -963 -885 -805 -711 -577 -320 -255 -167 -112 -113 -59 -56 -47 -78 -82 -69 -56 -43 -52 -69 -145 -249 -390 -526 -630 -698 -739 -705 -693 -737 -785
-2088 -2079 -2107 -2140 -2173 -2213 -2244 -2272 -2304 -2324 -2340 -2357 -2375 -2391 -2406 -2422 -2407 -2343 -2273 -2235 -2251 -2308 -2335 -2356 -2362 -2348 -2333 -2296 -2257 -2214 -2175 -2131 -2099 -2047 -1988 -1978 -1998 -2000 -2006 -1974 -1945 -1925 -1886 -1852 -1841 -1781 -1710 -1654 -1594 -1509 -1446 -1422 -1109 -1006 -992 -884 -816 -707 -592 -324 -256 -198 -288 -172 -127 -161 -266 -254 -201 -143 -102 -102 -163 -317 -503 -604 -686 -754 -796 -848 -899 -916 -938 -921
-2111 -2064 -2050 -2072 -2111 -2163 -2203 -2247 -2291 -2315 -2340 -2368 -2393 -2412 -2429 -2440 -2431 -2356 -2273 -2248 -2272 -2348 -2390 -2394 -2368 -2338 -2316 -2284 -2244 -2212 -2190 -2153 -2094 -2032 -1997 -2012 -2051 -2068 -2035 -2003 -1979 -1958 -1921 -1897 -1857 -1799 -1749 -1694 -1645 -1569 -1492 -1459 -1146 -1034 -979 -952 -904 -819 -713 -589 -532 -498 -467 -377 -365 -416 -513 -503 -450 -385 -329 -292 -351 -488 -648 -743 -789 -803 -838 -864 -1010 -1048 -1079 -1072
-2153 -2076 -2023 -2019 -2067 -2124 -2180 -2224 -2259 -2280 -2314 -2358 -2398 -2436 -2456 -2459 -2455 -2372 -2290 -2274 -2318 -2393 -2423 -2405 -2372 -2340 -2311 -2281 -2256 -2218 -2180 -2143 -2077 -2030 -2042 -2084 -2113 -2094 -2070 -2057 -2022 -1989 -1952 -1907 -1853 -1819 -1776 -1716 -1639 -1525 -1489 -1479 -1223 -1132 -1082 -1034 -997 -945 -837 -686 -631 -629 -579 -540 -577 -617 -746 -756 -683 -618 -592 -555 -572 -650 -730 -795 -848 -839 -839 -928 -1077 -1119 -1134 -1125
-2282 -2172 -2037 -1983 -2009 -2067 -2134 -2172 -2210 -2234 -2296 -2367 -2401 -2445 -2475 -2487 -2482 -2439 -2341 -2327 -2389 -2445 -2445 -2417 -2377 -2332 -2301 -2242 -2211 -2199 -2147 -2090 -2082 -2083 -2105 -2166 -2169 -2141 -2121 -2092 -2043 -2007 -1964 -1913 -1867 -1842 -1784 -1687 -1548 -1528 -1528 -1517 -1281 -1245 -1214 -1170 -1135 -1070 -914 -780 -708 -706 -665 -652 -749 -831 -900 -896 -827 -776 -744 -683 -638 -739 -796 -855 -888 -914 -864 -1014 -1114 -1152 -1170 -1110
-2358 -2271 -2146 -2053 -2055 -2054 -2029 -2055 -2172 -2204 -2250 -2345 -2418 -2448 -2489 -2504 -2498 -2475 -2410 -2398 -2437 -2464 -2456 -2416 -2370 -2321 -2265 -2223 -2193 -2195 -2154 -2135 -2130 -2171 -2209 -2231 -2213 -2186 -2142 -2088 -2050 -2042 -1982 -1919 -1894 -1868 -1816 -1735 -1714 -1678 -1626 -1590 -1380 -1350 -1306 -1263 -1231 -1158 -1035 -930 -835 -787 -666 -599 -795 -1007 -1039 -1039 -996 -933 -894 -780 -620 -788 -871 -916 -940 -995 -1038 -1073 -1064 -1092 -1187 -1105
-2429 -2365 -2266 -2170 -2178 -2148 -2118 -2109 -2185 -2230 -2275 -2334 -2422 -2479 -2505 -2517 -2513 -2499 -2472 -2476 -2473 -2472 -2466 -2409 -2347 -2304 -2262 -2244 -2216 -2224 -2209 -2203 -2225 -2263 -2284 -2285 -2249 -2185 -2109 -2089 -2128 -2090 -1990 -1946 -1924 -1872 -1822 -1826 -1834 -1762 -1713 -1671 -1486 -1418 -1357 -1318 -1289 -1188 -1121 -1044 -936 -906 -782 -758 -917 -1096 -1134 -1135 -1098 -1024 -1000 -901 -744 -852 -932 -978 -993 -1070 -1079 -967 -827 -916 -1268 -1333
-2509 -2440 -2386 -2312 -2272 -2264 -2250 -2240 -2232 -2290 -2350 -2385 -2434 -2467 -2501 -2531 -2536 -2530 -2520 -2516 -2505 -2500 -2477 -2412 -2362 -2326 -2294 -2261 -2260 -2285 -2272 -2266 -2308 -2332 -2336 -2317 -2254 -2163 -2131 -2184 -2197 -2087 -2011 -2000 -1903 -1797 -1839 -1932 -1895 -1822 -1791 -1746 -1559 -1464 -1383 -1359 -1317 -1266 -1228 -1110 -991 -1039 -1045 -1017 -1042 -1198 -1235 -1244 -1193 -1131 -1102 -1031 -911 -887 -1008 -1049 -1070 -1128 -1073 -920 -1246 -1227 -1268 -1359
-2589 -2543 -2512 -2433 -2385 -2355 -2317 -2279 -2256 -2293 -2336 -2364 -2395 -2450 -2511 -2544 -2551 -2552 -2542 -2526 -2521 -2518 -2470 -2417 -2372 -2333 -2304 -2308 -2318 -2330 -2321 -2327 -2373 -2373 -2357 -2320 -2251 -2182 -2222 -2243 -2203 -2071 -2095 -2068 -1953 -1887 -1974 -2022 -1960 -1908 -1874 -1725 -1588 -1533 -1483 -1443 -1424 -1386 -1274 -1113 -998 -1082 -1122 -1123 -1162 -1228 -1330 -1332 -1274 -1215 -1204 -1103 -1059 -1096 -1105 -1145 -1146 -1223 -1398 -1349 -1323 -1345 -1384 -1417
