data/instances/instance_13/DEM.asc
ncols        100
nrows        100
xllcorner    -16.945833333350166
yllcorner    27.845833333316833
cellsize     0.004166666667
NODATA_value -32767
[rows 0 to 36 of 100, columns 0 to 83 of 100]
-1001 -982 -962 -939 -922 -914 -886 -791 -747 -701 -657 -541 -324 -237 -200 -188 -170 -141 -109 -82 -61 -42 -21 10 52 138 369 520 433 446 587 728 784 833 905 967 1015 1069 1114 1152 1206 1262 1306 1339 1382 1443 1498 1554 1603 1655 1707 1774 1843 1892 1940 1993 2054 2109 2161 2199 2256 2351 2474 2621 2791 2948 3017 3032 3004 2992 3024 3052 3047 2974 2906 2792 2649 2502 2410 2383 2399 2380 2360 2330
-1002 -988 -968 -951 -940 -936 -888 -777 -719 -755 -732 -654 -516 -291 -223 -203 -194 -164 -128 -94 -68 -44 -21 -49 6 97 398 466 373 412 539 674 751 797 852 914 971 1027 1065 1107 1159 1232 1265 1308 1363 1410 1466 1527 1587 1628 1680 1746 1812 1860 1905 1961 2024 2096 2166 2203 2282 2352 2441 2573 2708 2816 2898 2910 2885 2860 2845 2841 2819 2739 2642 2549 2438 2343 2314 2287 2300 2316 2304 2271
-1007 -988 -974 -960 -953 -958 -953 -847 -787 -811 -787 -727 -647 -428 -286 -228 -206 -184 -152 -115 -83 -58 -33 -12 11 85 307 329 307 355 512 632 687 734 785 845 904 954 998 1048 1110 1173 1217 1269 1322 1382 1435 1489 1549 1596 1649 1708 1760 1811 1870 1932 1994 2053 2119 2179 2247 2312 2376 2481 2547 2602 2678 2720 2736 2727 2714 2713 2678 2589 2478 2373 2307 2290 2281 2257 2242 2268 2280 2264
-1011 -988 -980 -970 -968 -973 -939 -891 -873 -850 -815 -744 -651 -552 -377 -277 -209 -199 -178 -142 -107 -75 -47 -28 16 82 224 251 265 327 495 565 618 668 711 772 834 892 950 1001 1053 1112 1171 1220 1277 1334 1386 1459 1511 1568 1616 1670 1719 1769 1847 1924 1982 2031 2085 2147 2205 2244 2285 2334 2383 2447 2534 2566 2591 2615 2608 2602 2564 2474 2391 2312 2265 2262 2256 2234 2224 2238 2248 2239
-1013 -994 -985 -983 -984 -989 -947 -910 -897 -877 -832 -750 -680 -626 -501 -358 -252 -217 -199 -168 -123 -84 -56 3 36 89 163 202 233 337 438 493 557 606 652 711 763 835 900 944 998 1065 1126 1177 1226 1266 1326 1388 1445 1519 1581 1628 1668 1720 1795 1897 1983 2028 2074 2107 2154 2189 2217 2232 2269 2317 2377 2416 2456 2499 2493 2470 2427 2353 2284 2236 2224 2239 2243 2242 2231 2211 2192 2177
-1012 -1007 -996 -996 -998 -992 -941 -932 -922 -907 -866 -797 -700 -635 -576 -418 -372 -275 -225 -200 -149 -97 -61 5 48 65 122 162 224 305 372 434 499 559 616 666 709 779 834 894 968 1032 1080 1135 1175 1215 1268 1315 1368 1446 1526 1573 1632 1690 1757 1842 1919 1993 2061 2088 2112 2135 2155 2168 2192 2227 2265 2301 2331 2382 2398 2380 2342 2283 2232 2204 2205 2225 2226 2223 2214 2197 2165 2160
-1016 -1017 -1013 -1009 -1009 -1003 -985 -960 -950 -936 -868 -776 -668 -625 -603 -504 -423 -361 -321 -277 -205 -125 -66 -38 34 79 91 150 211 265 322 387 460 522 571 619 675 729 784 849 906 978 1034 1086 1125 1183 1235 1277 1328 1382 1454 1523 1593 1662 1752 1842 1929 2003 2071 2084 2091 2104 2114 2125 2130 2152 2178 2199 2236 2289 2323 2306 2256 2217 2193 2184 2181 2199 2203 2209 2210 2206 2195 2183
-1023 -1027 -1030 -1024 -1017 -1011 -996 -978 -976 -959 -868 -792 -697 -642 -635 -627 -588 -539 -476 -393 -283 -164 -74 -31 17 61 69 124 189 247 293 340 411 477 508 563 630 688 743 806 866 919 971 1025 1080 1131 1179 1227 1293 1342 1393 1452 1547 1671 1771 1861 1933 2010 2095 2085 2084 2089 2086 2094 2094 2103 2123 2137 2166 2210 2238 2227 2181 2154 2166 2164 2161 2171 2206 2220 2216 2209 2197 2188
-1028 -1037 -1042 -1044 -1028 -1022 -1012 -1001 -994 -989 -893 -803 -748 -707 -702 -690 -670 -640 -594 -504 -368 -213 -88 -28 -18 41 55 108 156 208 257 306 366 415 457 518 589 636 694 750 808 857 907 956 1006 1052 1084 1150 1215 1298 1392 1505 1574 1654 1731 1812 1905 1979 2090 2136 2080 2082 2070 2074 2071 2072 2090 2098 2115 2136 2142 2138 2111 2082 2100 2137 2149 2171 2203 2216 2210 2204 2189 2177
-1035 -1048 -1056 -1060 -1055 -1034 -1033 -1029 -1021 -1017 -946 -848 -807 -799 -783 -756 -697 -658 -625 -575 -448 -275 -123 -40 -20 27 35 75 103 138 209 283 334 374 419 473 526 570 630 690 744 790 836 890 941 989 1020 1064 1141 1231 1335 1444 1532 1623 1732 1836 1940 2030 2104 2113 2070 2069 2062 2053 2052 2056 2059 2059 2071 2077 2062 2050 2045 2032 2028 2093 2134 2145 2181 2262 2277 2244 2209 2233
-1044 -1059 -1071 -1079 -1085 -1068 -1056 -1060 -1056 -1043 -1007 -935 -896 -862 -827 -780 -731 -675 -630 -608 -516 -349 -181 -75 -35 17 51 41 68 112 199 251 294 330 377 425 463 518 576 635 682 725 770 813 872 929 999 1066 1125 1205 1287 1384 1472 1546 1617 1729 1865 1980 1981 2003 2102 2102 2062 2047 2038 2035 2033 2039 2046 2048 2032 2013 2014 2013 2013 2043 2104 2163 2238 2405 2538 2445 2361 2333
-1053 -1072 -1089 -1101 -1106 -1103 -1088 -1082 -1070 -1047 -1018 -983 -930 -881 -840 -795 -752 -704 -650 -622 -571 -426 -264 -133 -56 13 41 30 50 92 175 218 261 289 329 383 423 469 524 578 619 661 708 770 844 906 974 1058 1157 1262 1338 1396 1486 1605 1687 1794 1845 1870 1914 2004 2076 2123 2096 2050 2054 2048 2082 2058 2038 2033 2026 2013 2006 2009 2010 2025 2093 2231 2362 2534 2638 2560 2440 2281
-1063 -1088 -1109 -1120 -1126 -1128 -1118 -1091 -1076 -1059 -1041 -990 -936 -909 -870 -818 -781 -737 -671 -629 -607 -497 -348 -201 -86 14 33 23 38 68 143 188 216 251 293 344 391 440 492 555 595 624 657 712 771 841 920 1020 1110 1176 1240 1351 1469 1567 1674 1729 1755 1843 1928 2046 2101 2082 1994 2036 2179 2174 2255 2243 2114 2058 2041 2019 2013 2022 2046 2091 2173 2313 2354 2503 2562 2488 2370 2284
-1072 -1100 -1125 -1140 -1147 -1148 -1145 -1118 -1097 -1095 -1066 -955 -938 -939 -905 -873 -836 -774 -708 -651 -641 -563 -433 -283 -145 14 27 16 32 58 100 136 166 211 259 310 366 417 460 503 540 572 608 669 746 834 912 987 1049 1128 1217 1346 1471 1568 1578 1632 1759 1804 1872 1950 1929 1913 1965 2053 2154 2206 2341 2379 2287 2159 2151 2102 2073 2105 2169 2237 2325 2331 2256 2341 2418 2326 2248 2220
-1080 -1117 -1145 -1164 -1174 -1168 -1158 -1148 -1129 -1123 -1110 -1034 -1005 -977 -946 -915 -871 -813 -757 -708 -683 -634 -526 -386 -240 11 15 24 18 42 77 105 129 189 235 287 339 377 408 441 483 540 595 661 721 782 851 928 1023 1102 1189 1295 1343 1415 1530 1660 1716 1743 1806 1798 1822 1909 1971 2039 2097 2162 2261 2368 2427 2348 2321 2252 2228 2299 2380 2419 2399 2257 2172 2233 2318 2232 2153 2122
-1074 -1123 -1171 -1192 -1198 -1190 -1160 -1154 -1156 -1133 -1108 -1079 -1036 -1006 -977 -944 -903 -848 -794 -764 -757 -721 -630 -497 -343 -198 -93 6 24 34 54 84 126 166 201 259 300 328 356 391 451 529 577 625 681 768 875 955 1006 1067 1150 1232 1347 1456 1541 1608 1653 1675 1709 1726 1793 1867 1961 2045 2129 2176 2223 2258 2326 2314 2354 2372 2371 2354 2350 2351 2344 2261 2156 2123 2189 2156 2088 2024
-960 -1038 -1140 -1210 -1218 -1214 -1190 -1178 -1173 -1157 -1115 -1091 -1038 -1037 -1011 -975 -932 -868 -793 -787 -815 -804 -736 -612 -446 -274 -142 -64 6 26 44 80 115 143 180 213 236 282 328 369 431 490 525 583 675 803 885 923 982 1076 1169 1264 1356 1437 1507 1561 1586 1602 1643 1714 1796 1863 1931 2008 2059 2126 2117 2149 2178 2186 2245 2293 2313 2202 2167 2209 2194 2139 2149 2049 2044 2035 1982 1940
-1015 -1086 -1189 -1238 -1231 -1228 -1222 -1209 -1195 -1179 -1148 -1098 -1066 -1074 -1042 -993 -975 -988 -906 -848 -858 -854 -826 -722 -550 -344 -168 -70 -39 5 31 61 88 108 131 150 209 258 284 345 399 445 512 577 675 840 928 939 962 1038 1135 1237 1325 1387 1446 1501 1522 1560 1602 1656 1753 1813 1862 1932 1983 2010 2055 2093 2079 2079 2173 2161 2137 2052 2020 2051 2035 2001 1997 1957 1942 1904 1845 1829
-1105 -1144 -1189 -1216 -1232 -1236 -1235 -1232 -1221 -1204 -1185 -1146 -1124 -1106 -1082 -1077 -1083 -1054 -962 -876 -905 -891 -877 -813 -654 -430 -214 -105 -75 -41 4 34 42 61 88 123 169 216 279 334 374 430 491 550 619 711 787 844 927 1025 1109 1192 1271 1322 1403 1439 1476 1530 1556 1601 1682 1793 1871 1871 1895 1951 2065 2093 1997 2030 2068 2050 2019 1925 1919 1994 1969 1922 1919 1868 1865 1837 1771 1731
-1076 -1110 -1159 -1201 -1235 -1247 -1249 -1249 -1242 -1227 -1211 -1190 -1155 -1146 -1144 -1136 -1123 -1064 -943 -929 -952 -921 -890 -860 -747 -544 -340 -204 -134 -75 -22 13 27 60 106 150 186 223 265 311 354 396 458 525 592 652 716 795 888 981 1058 1128 1194 1227 1314 1385 1429 1466 1527 1593 1668 1745 1771 1789 1845 1882 1960 1991 1934 1990 1980 1953 1869 1821 1861 1953 1906 1851 1845 1814 1806 1780 1733 1670
-1078 -1102 -1144 -1198 -1241 -1255 -1258 -1261 -1261 -1251 -1238 -1229 -1208 -1182 -1172 -1164 -1147 -1086 -1015 -1010 -982 -937 -896 -868 -810 -646 -458 -298 -180 -96 -40 -22 -17 34 87 128 169 205 243 287 328 376 444 518 580 635 699 773 852 927 977 1023 1081 1159 1245 1323 1370 1415 1499 1594 1626 1651 1654 1703 1759 1785 1804 1835 1857 1896 1901 1871 1764 1726 1787 1831 1834 1778 1763 1759 1756 1746 1706 1646
-1088 -1100 -1150 -1213 -1255 -1267 -1269 -1275 -1280 -1277 -1270 -1260 -1249 -1214 -1196 -1185 -1165 -1130 -1089 -1047 -1005 -958 -904 -849 -825 -708 -539 -363 -207 -99 -50 -36 -32 16 59 103 147 200 247 286 332 382 438 500 554 598 669 741 798 837 908 1010 1083 1163 1227 1267 1297 1379 1470 1526 1551 1552 1554 1607 1658 1686 1717 1754 1762 1789 1817 1802 1749 1652 1688 1700 1724 1694 1696 1716 1718 1711 1679 1629
-1113 -1124 -1168 -1272 -1318 -1311 -1289 -1301 -1308 -1308 -1301 -1289 -1277 -1264 -1234 -1208 -1180 -1105 -1082 -1045 -998 -950 -892 -825 -798 -724 -579 -410 -246 -127 -72 -53 -45 11 46 96 138 187 223 261 310 362 402 454 498 552 617 674 750 846 922 986 1075 1110 1139 1183 1228 1290 1356 1415 1451 1458 1485 1524 1563 1586 1639 1648 1661 1678 1700 1697 1662 1586 1597 1596 1631 1622 1652 1679 1690 1693 1655 1593
-1171 -1184 -1217 -1290 -1322 -1342 -1333 -1334 -1337 -1335 -1328 -1320 -1314 -1304 -1282 -1248 -1203 -1137 -1109 -1053 -984 -908 -837 -785 -756 -711 -595 -445 -294 -179 -112 -82 -66 5 62 89 119 162 203 236 274 319 368 417 482 559 623 689 756 824 895 971 1019 1034 1083 1139 1201 1254 1308 1359 1378 1413 1462 1437 1482 1510 1526 1512 1558 1579 1604 1610 1565 1522 1497 1501 1550 1564 1605 1631 1648 1654 1624 1534
-1233 -1233 -1272 -1317 -1333 -1347 -1359 -1364 -1365 -1360 -1357 -1355 -1350 -1340 -1325 -1293 -1262 -1185 -1104 -1046 -943 -847 -782 -741 -712 -685 -594 -469 -337 -229 -154 -113 -87 -63 24 79 101 142 184 223 271 315 354 400 462 533 598 686 763 822 881 915 954 1014 1071 1113 1162 1210 1277 1319 1325 1375 1418 1371 1423 1441 1412 1456 1498 1490 1501 1534 1512 1462 1414 1428 1471 1477 1520 1551 1549 1545 1511 1431
-1259 -1288 -1324 -1356 -1373 -1384 -1394 -1401 -1394 -1389 -1387 -1386 -1383 -1372 -1358 -1349 -1277 -1134 -1073 -1042 -965 -912 -818 -716 -673 -652 -583 -482 -369 -266 -185 -125 -88 -66 9 56 95 144 188 227 264 293 330 390 454 515 578 660 711 766 827 884 936 993 1028 1077 1135 1198 1246 1260 1266 1319 1323 1299 1367 1367 1342 1390 1410 1397 1413 1492 1485 1416 1375 1359 1385 1394 1448 1468 1421 1394 1360 1300
-1257 -1308 -1347 -1380 -1405 -1420 -1426 -1427 -1420 -1419 -1419 -1417 -1412 -1403 -1388 -1372 -1319 -1231 -1185 -1143 -1045 -946 -829 -704 -644 -629 -576 -493 -393 -295 -208 -137 -90 -68 -55 21 83 115 155 180 217 254 299 360 420 486 532 583 665 740 800 858 914 962 1004 1063 1142 1200 1198 1205 1206 1248 1220 1253 1281 1290 1350 1358 1361 1339 1356 1422 1433 1365 1341 1324 1324 1346 1433 1427 1362 1306 1259 1219
-1272 -1324 -1364 -1394 -1425 -1444 -1453 -1455 -1453 -1450 -1449 -1446 -1439 -1432 -1423 -1408 -1382 -1320 -1255 -1157 -1062 -973 -867 -733 -656 -635 -584 -508 -417 -323 -234 -159 -104 -76 -61 -51 63 87 108 138 183 224 273 330 368 414 459 542 620 700 780 849 902 943 967 1024 1094 1147 1136 1129 1153 1164 1157 1214 1224 1258 1327 1308 1312 1319 1313 1353 1354 1324 1306 1290 1275 1296 1353 1366 1338 1317 1247 1155
-1307 -1341 -1376 -1409 -1442 -1470 -1478 -1483 -1484 -1480 -1477 -1474 -1469 -1464 -1462 -1454 -1418 -1363 -1266 -1158 -1069 -989 -876 -739 -672 -656 -331 -520 -446 -354 -265 -185 -121 -86 -68 -55 5 55 76 107 151 192 236 283 305 340 398 465 546 634 712 797 837 869 935 961 1007 1066 1060 1024 1069 1084 1094 1160 1201 1258 1311 1294 1276 1272 1274 1303 1302 1271 1257 1247 1226 1224 1265 1305 1291 1253 1164 1077
-1353 -1376 -1398 -1428 -1459 -1493 -1505 -1510 -1509 -1509 -1503 -1497 -1494 -1500 -1508 -1483 -1439 -1385 -1306 -1211 -1162 -1036 -887 -750 -692 -682 -392 -350 -482 -393 -303 -219 -149 -103 -76 -60 -48 10 50 85 123 150 181 209 240 284 329 389 462 518 573 604 638 738 747 749 840 927 922 925 1018 1052 1060 1115 1140 1204 1226 1240 1252 1249 1246 1259 1269 1244 1216 1191 1168 1138 1147 1142 1156 1164 1089 1030
-1371 -1405 -1432 -1456 -1483 -1510 -1530 -1536 -1537 -1534 -1529 -1526 -1527 -1537 -1542 -1506 -1441 -1400 -1347 -1293 -1206 -1064 -899 -762 -716 -698 -437 -394 -343 -430 -351 -265 -188 -131 -91 -67 -52 -40 17 63 88 116 135 156 185 218 265 316 372 404 418 470 510 585 594 608 600 750 891 935 1006 1023 1040 1064 1092 1157 1173 1191 1223 1232 1225 1227 1233 1203 1171 1149 1121 1083 1058 1043 1018 1019 984 956
-1378 -1425 -1453 -1478 -1502 -1525 -1549 -1562 -1570 -1573 -1566 -1558 -1560 -1570 -1574 -1540 -1437 -1419 -1366 -1277 -1159 -1027 -865 -747 -721 -720 -714 -430 -386 -330 -388 -318 -235 -166 -113 -77 -55 -43 -32 40 58 79 101 126 152 186 216 248 274 295 326 387 399 453 482 476 570 754 816 844 965 1004 1013 1023 1061 1133 1141 1155 1191 1209 1206 1202 1191 1161 1128 1106 1085 1054 999 971 933 900 880 872
-1399 -1426 -1447 -1469 -1490 -1543 -1573 -1592 -1604 -1604 -1600 -1591 -1591 -1598 -1597 -1581 -1490 -1449 -1381 -1264 -1145 -1036 -900 -784 -751 -769 -766 -736 -436 -371 -307 -362 -287 -207 -139 -89 -57 -43 -35 8 38 59 78 103 135 157 180 210 229 241 252 285 326 354 395 478 543 578 654 799 946 987 977 995 1026 1073 1099 1124 1158 1177 1180 1165 1139 1113 1085 1058 1036 1017 973 904 880 866 839 819
-1374 -1395 -1422 -1452 -1538 -1586 -1587 -1616 -1636 -1625 -1624 -1625 -1621 -1622 -1611 -1585 -1549 -1490 -1357 -1262 -1204 -1112 -1006 -883 -825 -853 -849 -801 -726 -430 -377 -327 -345 -253 -171 -104 -62 -44 -36 -29 18 35 61 90 119 144 164 184 204 210 225 252 279 274 308 361 413 525 731 877 977 970 953 960 987 1019 1045 1074 1107 1128 1124 1111 1086 1057 1041 1016 997 974 959 893 834 834 816 789
-1354 -1371 -1391 -1460 -1553 -1586 -1607 -1631 -1653 -1646 -1647 -1656 -1654 -1645 -1636 -1621 -1608 -1548 -1417 -1325 -1278 -1194 -1102 -1017 -934 -904 -910 -863 -791 -492 -418 -349 -283 -311 -216 -135 -79 -49 -38 -33 -25 17 44 66 106 129 144 167 175 182 204 233 243 225 248 309 406 532 652 695 788 908 898 889 930 977 1005 1028 1033 1040 1033 1035 1022 998 985 970 954 926 898 852 797 789 764 745
-1303 -1330 -1386 -1452 -1531 -1617 -1635 -1640 -1661 -1671 -1677 -1683 -1677 -1670 -1664 -1653 -1634 -1604 -1534 -1483 -1425 -1309 -1217 -1148 -1043 -964 -939 -899 -836 -777 -415 -368 -311 -259 -275 -181 -108 -64 -43 -36 -29 3 15 34 65 99 122 134 140 153 169 195 188 208 273 372 433 438 493 564 744 794 790 815 860 925 954 965 951 912 902 906 927 927 918 907 889 862 844 806 766 769 718 689
-1348 -1392 -1455 -1571 -1609 -1653 -1645 -1651 -1673 -1688 -1704 -1704 -1695 -1688 -1681 -1666 -1638 -1604 -1568 -1541 -1506 -1411 -1327 -1227 -1129 -1015 -913 -878 -853 -823 -777 -392 -351 -296 -311 -242 -152 -91 -61 -45 -35 -28 8 10 40 81 96 94 89 111 124 153 209 233 253 311 328 392 516 660 748 727 733 760 808 844 862 877 836 773 776 821 859 854 842 842 820 796 786 757 730 689 650 641
