data/instances/instance_2/DEM.asc
ncols        20
nrows        20
xllcorner    126.54583333333015
yllcorner    7.229166666663174
cellsize     0.004166666667
NODATA_value -32767
75 4 -55 -161 -182 -221 -268 -264 -255 -262 -300 -363 -445 -549 -506 -482 -482 -495 -517 -554
117 92 -3 -87 -146 -201 -256 -267 -257 -256 -274 -306 -320 -261 -342 -392 -426 -459 -499 -556
113 101 19 -25 -98 -169 -235 -249 -230 -219 -217 -238 -274 -204 -255 -318 -373 -429 -490 -561
75 73 71 -6 -56 -109 -147 -160 -163 -156 -118 -75 -98 -71 -151 -247 -321 -406 -503 -608
87 83 91 80 -14 -51 -59 -64 -91 -106 30 39 42 26 -75 -167 -258 -382 -516 -654
70 68 53 69 34 -7 43 65 39 50 69 69 57 37 -41 -117 -201 -362 -520 -667
95 139 112 79 53 62 106 138 132 120 112 91 62 33 -26 -114 -227 -379 -538 -687
153 158 147 131 91 111 150 171 167 148 135 93 61 24 -31 -128 -258 -408 -564 -715
194 180 161 122 94 141 185 200 175 154 131 83 57 4 -59 -164 -295 -438 -586 -730
205 184 162 122 103 173 212 193 169 151 112 72 48 -33 -98 -207 -335 -471 -610 -747
171 172 158 119 128 187 209 199 167 146 95 35 -25 -100 -181 -271 -381 -505 -634 -763
176 163 155 128 146 175 183 183 164 144 74 -19 -123 -192 -276 -333 -426 -539 -659 -779
202 187 160 124 159 168 169 168 161 128 39 -27 -224 -246 -281 -356 -458 -572 -684 -786
210 175 139 127 174 170 167 169 144 88 -10 -103 -212 -245 -269 -374 -495 -616 -731 -840
202 163 117 146 175 168 163 156 105 -1 -50 -157 -237 -284 -333 -431 -550 -673 -785 -889
185 139 103 142 150 141 126 91 46 -89 -201 -257 -299 -344 -404 -500 -616 -738 -844 -941
175 117 99 125 110 93 70 21 -18 -152 -248 -301 -354 -406 -467 -566 -678 -794 -900 -995
136 96 90 103 84 61 32 -64 -134 -257 -313 -361 -420 -478 -537 -634 -742 -850 -953 -1042
103 85 90 78 50 40 -11 -137 -190 -282 -359 -424 -501 -569 -634 -713 -807 -907 -1007 -1095
73 83 97 84 50 21 -44 -112 -171 -290 -414 -523 -599 -663 -708 -777 -866 -963 -1058 -1143