data/instances/instance_4/DEM.asc
ncols        30
nrows        30
xllcorner    168.2333333333285
yllcorner    -16.354166666671826
cellsize     0.004166666667
NODATA_value -32767
-184 -140 -122 -144 -188 -246 -317 -390 -462 -532 -601 -669 -736 -804 -867 -921 -972 -1022 -1071 -1107 -1144 -1180 -1212 -1245 -1278 -1312 -1337 -1362 -1386 -1408
-193 -149 -126 -133 -162 -206 -264 -327 -392 -457 -525 -592 -659 -727 -791 -850 -907 -962 -1015 -1059 -1101 -1141 -1177 -1214 -1252 -1286 -1316 -1344 -1371 -1396
-175 -134 -110 -110 -129 -163 -212 -267 -324 -383 -447 -514 -581 -647 -714 -776 -837 -898 -956 -1007 -1053 -1098 -1140 -1180 -1220 -1258 -1291 -1321 -1352 -1379
10 18 -75 -76 -92 -118 -160 -209 -258 -310 -371 -436 -502 -567 -634 -699 -764 -829 -894 -949 -1002 -1053 -1097 -1141 -1184 -1227 -1262 -1294 -1327 -1359
29 35 23 9 -56 -81 -115 -155 -196 -241 -298 -359 -421 -486 -550 -616 -684 -753 -822 -884 -943 -1000 -1049 -1096 -1143 -1188 -1226 -1262 -1297 -1330
57 56 45 24 12 -45 -73 -103 -136 -173 -226 -284 -344 -403 -465 -533 -604 -675 -746 -813 -879 -943 -995 -1046 -1096 -1145 -1186 -1225 -1263 -1297
72 66 56 47 34 22 16 11 -80 -112 -160 -214 -269 -325 -384 -450 -521 -593 -665 -737 -808 -876 -935 -992 -1046 -1098 -1143 -1186 -1226 -1264
86 76 70 64 57 47 34 27 24 -51 -97 -150 -201 -251 -304 -371 -440 -512 -584 -658 -733 -806 -870 -932 -993 -1050 -1099 -1144 -1188 -1230
99 93 86 76 71 67 57 43 41 31 18 -93 -139 -185 -234 -296 -362 -431 -502 -578 -655 -732 -802 -870 -936 -998 -1051 -1101 -1147 -1193
125 112 99 90 82 73 61 50 49 42 29 15 13 -125 -166 -225 -289 -354 -422 -498 -578 -656 -731 -805 -877 -945 -1001 -1055 -1105 -1154
146 127 113 100 85 76 66 58 49 44 41 31 31 -78 -114 -165 -222 -283 -347 -421 -499 -580 -659 -738 -815 -886 -949 -1006 -1061 -1113
170 139 124 112 94 85 72 66 57 52 50 41 39 24 11 -108 -159 -214 -273 -345 -422 -503 -587 -671 -752 -829 -895 -957 -1015 -1070
197 171 153 127 110 100 90 83 71 60 50 46 45 29 22 19 9 -147 -200 -270 -348 -429 -516 -605 -692 -774 -843 -907 -969 -1029
266 236 184 147 122 114 115 105 86 66 55 52 43 37 32 28 20 -91 -138 -204 -280 -362 -450 -541 -630 -713 -788 -856 -923 -985
345 296 250 208 168 162 153 129 96 73 66 58 44 50 45 43 35 21 -79 -143 -218 -298 -388 -480 -571 -656 -733 -807 -876 -942
299 273 250 234 244 282 230 157 105 83 70 58 50 58 56 54 46 26 -33 -92 -165 -244 -333 -424 -513 -598 -679 -757 -830 -899
288 269 261 259 253 249 223 179 155 117 89 73 65 63 57 49 41 25 7 -53 -122 -196 -285 -375 -462 -545 -629 -710 -787 -858
283 269 261 247 233 218 196 183 168 152 130 93 87 66 60 75 71 56 37 -32 -96 -167 -250 -336 -420 -503 -588 -669 -747 -819
258 250 244 237 228 212 192 182 171 184 126 88 70 68 102 130 146 103 26 -19 -77 -144 -222 -304 -385 -467 -551 -634 -713 -785
221 218 215 213 208 200 186 174 161 156 168 132 84 85 122 139 133 57 36 -9 -65 -126 -201 -279 -357 -435 -520 -605 -684 -758
189 185 186 189 187 186 174 159 151 139 134 117 97 88 93 107 103 103 29 -11 -61 -119 -190 -265 -340 -416 -500 -583 -662 -735
171 166 164 164 166 166 162 145 134 126 118 115 100 85 78 77 66 45 23 -14 -61 -117 -185 -257 -329 -402 -485 -568 -646 -718
154 151 146 149 146 143 140 131 120 110 106 99 88 79 71 69 56 38 17 -20 -67 -122 -188 -258 -328 -400 -480 -562 -638 -709
129 136 135 132 124 118 119 116 109 101 95 89 76 67 62 61 39 28 11 -30 -78 -131 -198 -267 -335 -405 -484 -563 -638 -706
108 114 115 111 107 99 100 101 94 89 83 79 69 59 51 46 24 10 -12 -50 -99 -154 -218 -285 -354 -423 -498 -573 -646 -712
91 101 97 90 91 84 85 81 79 78 72 68 60 53 45 21 7 -10 -34 -75 -124 -181 -244 -311 -378 -446 -518 -591 -660 -724
79 83 78 73 76 71 69 63 63 64 63 58 51 26 19 5 -13 -33 -58 -104 -155 -211 -276 -343 -408 -473 -545 -615 -682 -744
68 72 65 62 63 59 56 51 52 56 56 17 15 12 6 -13 -38 -64 -96 -144 -196 -253 -317 -383 -447 -512 -580 -647 -710 -769
56 55 51 49 47 47 47 41 41 16 7 -3 -4 -5 -10 -37 -67 -100 -138 -188 -242 -300 -364 -430 -493 -556 -620 -683 -743 -799
12 42 25 26 23 19 15 11 7 -1 -9 -19 -24 -30 -42 -71 -105 -144 -187 -240 -295 -354 -418 -481 -544 -605 -665 -722 -778 -832