data/instance_15/DEM.asc
ncols        120
nrows        120
xllcorner    133.58749999998014
yllcorner    33.3083333333135
cellsize     0.004166666667
NODATA_value -32767
[rows 46 to 91 of 120, columns 0 to 95 of 120]
221 261 211 174 162 137 92 95 139 157 140 78 40 41 30 26 27 26 27 28 33 41 54 51 51 52 66 92 100 84 49 48 58 80 136 120 174 258 300 322 274 238 294 370 377 357 351 323 299 283 276 318 374 388 356 287 304 352 415 537 654 612 671 661 643 638 561 581 684 789 769 776 817 891 821 628 489 405 269 245 317 348 324 278 419 555 599 652 672 638 690 596 411 410 504 367
277 265 236 226 219 163 122 116 74 75 71 44 32 32 32 23 22 24 27 33 36 42 48 49 50 52 56 58 53 44 37 43 83 124 149 171 146 158 187 268 327 316 364 417 375 338 239 200 264 333 326 356 392 361 300 304 349 386 445 557 644 652 700 688 605 560 525 570 709 754 670 676 794 806 752 641 444 264 203 311 351 254 254 295 380 447 544 664 736 719 611 489 349 346 374 264
206 161 162 178 144 144 141 122 89 52 21 22 20 26 34 27 25 34 33 35 35 39 42 46 48 47 45 40 36 35 36 57 130 177 207 217 157 150 192 288 399 400 375 355 237 180 149 197 260 349 343 329 292 236 214 290 395 412 513 615 618 609 593 646 685 616 502 461 505 561 584 600 692 609 566 487 386 269 220 331 258 307 423 479 503 545 589 613 685 589 463 393 363 247 227 285
186 92 74 115 71 63 58 45 62 72 26 16 17 19 20 21 27 29 30 33 35 37 41 43 41 38 37 32 33 45 67 124 195 224 185 150 176 233 285 343 324 275 260 247 149 123 173 255 308 359 318 238 199 222 282 326 430 497 502 533 514 531 486 556 681 637 547 478 407 386 389 462 497 445 466 368 289 207 243 253 277 405 467 507 504 451 439 547 659 586 527 540 443 282 220 366
116 59 37 32 28 17 16 20 40 28 15 12 13 16 16 18 26 29 32 33 34 35 34 32 31 32 30 30 48 103 153 163 156 174 201 221 270 296 285 241 174 136 120 123 107 138 180 229 291 272 218 166 191 232 277 364 438 502 436 445 483 466 438 515 597 620 628 598 473 349 260 322 345 449 494 404 290 181 200 242 346 364 418 383 333 381 504 545 598 680 618 483 402 311 214 261
69 58 75 38 36 21 14 23 35 16 11 11 12 16 19 23 26 27 30 31 30 27 27 28 28 27 28 46 62 94 125 92 109 209 299 308 283 181 153 111 94 95 93 116 104 154 220 225 212 174 156 188 217 252 287 335 420 455 412 390 472 476 391 426 468 556 670 624 451 261 244 286 375 437 521 481 357 241 181 177 278 375 356 287 388 510 549 464 490 573 582 518 418 404 333 201
108 73 45 21 9 8 8 10 9 10 11 12 15 16 20 22 24 27 26 24 23 23 25 26 26 25 30 54 48 50 57 89 189 243 190 156 159 97 70 70 67 86 113 93 130 170 190 154 145 161 209 245 266 318 344 313 332 392 404 425 401 450 393 355 467 511 588 583 378 215 216 325 391 373 431 482 376 279 191 223 278 335 237 307 385 463 458 411 443 531 481 361 366 417 315 216
56 34 33 9 5 5 7 7 7 9 13 16 20 31 26 20 22 21 19 20 21 23 23 24 24 24 48 60 43 50 71 140 205 151 82 65 59 50 45 51 74 107 104 102 98 96 119 156 211 183 176 195 270 264 240 190 230 365 437 407 387 352 352 330 370 364 487 547 445 252 165 221 307 275 331 344 326 267 190 206 227 235 214 356 450 388 390 392 402 458 462 319 253 218 180 217
17 2 3 2 3 5 6 6 6 8 14 26 23 25 21 18 17 17 19 20 21 22 22 21 20 25 37 38 60 121 130 157 149 68 43 37 33 31 44 66 93 84 68 93 143 129 116 172 171 134 185 207 181 150 169 236 346 414 421 415 371 381 414 331 303 280 375 498 444 288 234 171 170 232 216 245 321 379 256 163 136 194 313 400 465 366 410 377 389 483 452 390 316 187 161 322
2 2 3 4 5 6 8 14 7 8 9 11 13 15 16 16 16 16 17 18 19 19 20 18 21 26 31 38 89 171 204 161 64 22 20 23 25 36 53 61 80 81 68 113 115 146 157 141 113 158 186 141 119 157 224 320 348 390 354 345 411 486 469 423 294 255 337 481 487 417 333 295 166 132 144 226 287 366 300 220 150 188 363 425 402 322 384 363 369 449 491 467 327 175 223 368
2 4 5 10 26 15 19 12 7 6 7 9 11 14 15 15 16 16 16 17 17 17 17 18 24 27 29 32 58 116 130 54 20 12 13 17 28 34 40 38 55 75 86 90 93 133 120 111 103 109 130 141 118 182 297 366 318 319 358 332 372 418 402 415 291 274 434 541 573 533 500 428 259 153 116 211 228 312 255 129 161 255 402 363 317 293 350 319 383 386 416 337 207 152 241 372
1 4 5 9 30 46 47 23 8 7 8 9 13 20 15 14 14 14 15 16 16 17 16 17 23 25 25 42 55 57 44 19 12 10 10 17 22 22 24 26 44 60 60 71 97 125 113 90 78 85 101 103 158 263 300 310 342 309 304 287 297 340 365 323 251 283 430 553 487 388 439 498 360 223 110 140 189 222 162 144 280 381 411 370 266 273 349 309 373 357 369 266 142 168 282 428
3 3 5 9 8 10 13 18 17 9 11 10 11 14 13 13 14 15 14 13 13 14 13 17 21 22 23 26 22 18 15 12 11 9 8 11 16 22 31 34 34 48 59 91 107 114 94 55 57 84 144 219 270 272 226 248 299 348 320 267 286 277 311 239 242 360 506 607 523 340 295 399 332 210 118 112 178 143 169 289 357 391 371 387 285 286 350 278 299 325 277 161 153 319 370 493
4 3 4 4 5 15 75 82 45 26 38 43 24 14 11 12 12 13 12 11 11 12 11 15 18 18 19 19 17 15 13 11 9 8 10 23 24 26 47 85 55 86 125 132 132 75 39 55 103 178 253 261 247 237 190 212 278 266 256 277 253 224 192 229 368 479 524 547 488 362 221 295 303 203 108 70 106 115 238 340 349 342 358 404 282 251 299 261 235 261 214 134 264 437 530 573
2 2 2 5 31 63 109 123 62 28 18 39 42 16 9 10 10 11 11 9 10 10 9 12 15 15 16 16 15 14 12 10 9 6 7 13 11 15 36 54 83 122 108 70 58 36 50 111 194 248 265 238 206 180 189 143 189 218 223 300 345 305 179 226 375 457 490 500 410 390 204 213 273 182 92 57 110 169 248 288 291 295 319 315 211 208 226 224 148 128 135 156 306 483 493 503
3 99991 1 3 31 78 142 119 23 3 3 6 23 15 8 8 8 10 11 8 8 9 8 7 10 11 12 13 13 16 17 11 11 9 5 5 7 10 18 52 95 69 45 30 31 27 76 163 263 229 196 175 145 122 136 132 199 195 222 342 386 349 202 227 386 394 431 433 331 377 247 128 188 182 60 81 135 175 233 230 238 248 266 223 203 254 309 284 149 102 157 227 306 426 387 445
28 14 4 3 2 8 30 25 7 9 12 9 6 7 7 5 7 8 8 8 8 8 7 5 6 8 9 9 9 12 12 9 8 6 6 4 5 7 37 83 48 24 21 16 27 76 152 242 255 224 212 221 161 75 91 118 179 165 240 322 337 312 191 219 356 325 423 370 264 335 288 158 101 61 31 53 103 138 189 181 203 257 222 185 249 298 304 239 110 151 266 304 366 394 317 320
11 6 2 4 5 12 23 50 73 68 46 30 10 6 6 5 5 6 6 6 6 6 6 4 4 5 6 7 7 5 6 6 7 6 6 6 5 15 61 40 20 10 10 21 63 152 209 195 164 201 244 225 135 49 54 110 152 154 222 275 302 194 138 229 337 271 363 311 237 340 296 178 108 41 25 29 54 103 162 139 190 233 164 174 265 249 237 190 105 194 323 358 354 329 284 366
35 54 50 37 49 52 73 108 72 33 12 21 18 6 4 5 5 4 6 5 5 5 5 3 4 3 6 9 8 6 6 5 7 9 9 8 9 23 27 13 8 7 17 37 85 132 148 133 136 170 225 162 83 39 60 84 119 132 202 258 290 270 152 201 339 250 232 217 258 359 285 182 123 67 26 23 36 70 102 126 199 163 191 273 277 213 208 138 97 189 338 347 274 261 371 388
58 82 58 32 39 26 33 41 18 6 7 33 27 8 6 7 8 9 8 6 6 7 5 3 5 3 4 -3 -4 -5 -7 -7 -7 -6 -6 -5 -4 -2 7 9 7 16 76 108 145 135 114 106 116 161 183 90 38 27 35 42 70 128 186 211 247 250 176 182 291 206 190 192 271 316 302 287 260 173 39 22 25 48 66 95 152 101 169 232 227 182 224 126 129 262 339 273 223 293 315 283
16 37 29 21 12 15 29 18 13 7 7 12 12 11 10 9 8 6 -4 -4 -5 -5 -4 -5 -10 -12 -8 -8 -10 -13 -13 -12 -11 -11 -10 -10 -9 -6 -1 6 12 37 106 137 126 98 87 75 90 121 81 30 16 15 21 32 73 123 149 165 174 146 136 210 228 176 139 187 197 221 305 385 327 194 72 20 18 38 55 60 98 77 98 135 159 214 197 119 96 229 230 172 190 263 234 239
12 25 22 12 11 28 34 19 13 11 10 9 9 -6 -8 -10 -10 -10 -10 -8 -7 -7 -7 -8 -10 -12 -8 -8 -10 -13 -13 -12 -11 -11 -10 -10 -9 -6 -5 -5 27 48 68 66 84 90 84 67 59 54 20 10 10 15 24 40 60 76 90 119 101 154 206 243 201 167 137 132 177 250 342 396 317 177 56 19 16 25 36 26 69 127 167 221 217 220 142 55 120 193 144 179 260 213 231 308
50 16 8 11 11 12 11 7 -6 -6 -7 -8 -10 -10 -10 -10 -11 -12 -12 -12 -12 -12 -13 -14 -14 -16 -16 -16 -17 -17 -16 -15 -14 -14 -13 -13 -12 -11 -9 -5 25 29 34 41 71 74 57 47 23 13 7 7 8 13 24 34 29 32 46 68 70 127 151 208 157 139 146 132 253 345 367 335 238 132 40 15 14 16 20 23 79 135 185 201 156 150 153 69 154 181 128 149 153 196 343 449
16 10 -8 -7 -9 -10 -10 -10 -10 -10 -10 -12 -11 -11 -12 -12 -13 -14 -14 -15 -16 -16 -17 -18 -18 -19 -20 -20 -20 -20 -19 -18 -18 -18 -17 -17 -17 -13 -6 -5 1 4 13 21 36 36 21 15 12 11 11 12 11 11 12 15 14 14 18 19 29 69 118 151 129 103 114 188 276 297 297 243 151 72 29 12 11 13 13 21 84 130 154 127 100 141 171 87 101 143 128 209 279 312 421 456
-10 -11 -10 -9 -9 -9 -12 -13 -12 -12 -13 -14 -14 -14 -15 -15 -16 -16 -17 -18 -19 -19 -20 -20 -20 -20 -24 -24 -23 -22 -20 -20 -20 -20 -20 -21 -21 -19 -16 -16 -7 -10 -6 -2 12 12 -1 -2 -5 -10 -10 -10 -10 -10 -7 -1 6 6 7 19 46 69 86 97 77 71 112 173 204 212 248 210 131 63 18 9 9 11 9 16 54 88 82 52 85 139 122 66 84 167 273 373 405 448 431 370
-11 -13 -12 -12 -11 -13 -16 -16 -18 -18 -17 -16 -17 -18 -18 -18 -19 -19 -19 -20 -20 -20 -20 -21 -23 -23 -26 -26 -24 -24 -24 -24 -23 -23 -24 -24 -23 -20 -19 -19 -18 -18 -13 -10 -15 -13 -16 -16 -15 -15 -15 -15 -13 -12 -12 -10 -5 1 8 17 36 51 53 48 35 41 76 112 135 179 169 160 111 58 19 8 7 9 8 12 30 35 22 35 83 105 66 61 123 241 337 342 349 362 358 401
-14 -15 -15 -15 -15 -17 -18 -19 -20 -20 -19 -19 -20 -20 -20 -20 -20 -20 -20 -22 -23 -23 -23 -24 -25 -25 -26 -26 -26 -26 -26 -27 -27 -27 -26 -26 -24 -21 -21 -21 -20 -20 -22 -21 -20 -20 -19 -19 -17 -17 -17 -17 -16 -16 -16 -15 -14 -14 -13 -2 7 21 21 13 15 20 30 54 64 81 88 79 62 43 20 8 7 7 6 7 9 9 11 14 28 59 101 143 194 274 312 331 368 346 370 477
-14 -15 -17 -18 -15 -17 -18 -19 -20 -20 -19 -19 -20 -20 -20 -20 -20 -20 -20 -22 -23 -23 -23 -24 -25 -25 -26 -26 -26 -26 -26 -27 -27 -27 -26 -26 -24 -21 -21 -21 -20 -20 -22 -21 -20 -20 -19 -19 -17 -17 -17 -17 -16 -16 -16 -15 -14 -14 -13 -5 -5 -5 -5 -3 -1 -1 10 20 26 25 22 17 16 12 12 12 9 7 4 4 6 8 8 15 55 89 151 215 302 367 402 410 394 308 370 444
-16 -18 -19 -21 -22 -19 -20 -20 -22 -22 -23 -23 -24 -23 -24 -24 -24 -23 -24 -24 -25 -25 -26 -26 -26 -26 -27 -27 -28 -29 -30 -30 -30 -30 -29 -27 -25 -24 -22 -22 -21 -22 -25 -25 -23 -23 -21 -20 -20 -19 -19 -19 -19 -19 -19 -19 -19 -19 -18 -14 -14 -13 -13 -13 -11 -10 -10 -10 -10 -10 -7 -10 -6 7 7 8 9 6 3 3 3 6 9 25 66 90 154 254 346 371 319 399 421 314 326 397
-19 -20 -20 -21 -22 -20 -22 -22 -24 -24 -25 -26 -27 -27 -27 -27 -27 -26 -26 -27 -26 -26 -26 -28 -27 -27 -27 -27 -29 -30 -31 -31 -32 -32 -31 -31 -29 -29 -27 -27 -25 -27 -27 -28 -26 -26 -24 -23 -23 -22 -21 -21 -21 -21 -21 -21 -20 -20 -20 -19 -18 -17 -16 -16 -15 -16 -15 -14 -14 -14 -13 -11 -11 -10 -10 -10 -11 -12 -11 2 3 6 15 39 78 100 167 272 308 283 350 401 331 279 368 454
-20 -20 -21 -21 -22 -23 -24 -24 -26 -26 -26 -27 -27 -28 -29 -29 -29 -28 -28 -29 -28 -28 -28 -29 -29 -29 -30 -30 -30 -30 -31 -32 -33 -33 -33 -34 -34 -33 -31 -31 -30 -31 -30 -31 -31 -31 -29 -27 -26 -25 -24 -24 -23 -23 -24 -23 -24 -24 -23 -21 -20 -20 -20 -20 -19 -18 -17 -17 -17 -17 -17 -18 -14 -13 -13 -13 -12 -10 -10 -10 -10 5 6 19 77 125 179 251 232 366 437 332 257 336 462 480
-21 -22 -25 -25 -24 -26 -26 -26 -28 -28 -28 -29 -29 -29 -29 -29 -30 -30 -30 -29 -29 -29 -31 -30 -31 -31 -32 -32 -32 -32 -33 -34 -35 -35 -36 -38 -37 -35 -33 -33 -35 -35 -35 -35 -34 -34 -32 -30 -29 -28 -27 -27 -27 -27 -26 -25 -26 -26 -26 -25 -24 -22 -22 -22 -22 -21 -21 -21 -20 -20 -20 -19 -10 -16 -16 -16 -16 -15 -13 -11 -10 -10 2 10 45 115 180 185 250 390 343 246 318 481 545 494
-24 -25 -26 -26 -26 -27 -28 -28 -29 -29 -29 -29 -30 -31 -31 -31 -31 -32 -32 -31 -32 -32 -33 -32 -32 -33 -33 -33 -33 -34 -35 -36 -37 -37 -38 -40 -39 -38 -38 -38 -40 -40 -39 -38 -37 -37 -36 -35 -35 -34 -34 -34 -33 -31 -31 -31 -30 -30 -29 -28 -27 -27 -26 -26 -25 -24 -23 -23 -22 -22 -22 -21 -20 -18 -18 -18 -18 -17 -16 -13 -12 -12 -9 8 29 60 119 146 271 275 225 268 400 557 592 458
-24 -27 -26 -26 -26 -28 -28 -28 -29 -29 -29 -29 -30 -31 -31 -31 -31 -32 -32 -31 -32 -32 -33 -32 -32 -33 -33 -33 -33 -34 -35 -36 -37 -37 -38 -40 -39 -38 -38 -38 -40 -40 -39 -38 -37 -37 -36 -35 -35 -34 -34 -34 -33 -31 -31 -31 -30 -30 -29 -28 -27 -27 -26 -26 -25 -24 -23 -23 -22 -22 -22 -21 -20 -18 -18 -18 -18 -17 -16 -13 -12 -12 -9 -5 -2 28 80 144 270 215 234 383 461 555 547 425
-27 -27 -28 -28 -27 -28 -29 -30 -31 -33 -31 -31 -31 -32 -33 -33 -33 -33 -34 -33 -34 -34 -34 -34 -34 -36 -35 -35 -35 -35 -36 -38 -39 -39 -40 -42 -42 -42 -43 -43 -45 -45 -43 -42 -42 -42 -41 -41 -40 -38 -37 -37 -37 -36 -36 -34 -33 -33 -32 -31 -31 -30 -28 -28 -26 -25 -25 -25 -24 -24 -25 -24 -22 -22 -22 -22 -20 -19 -18 -16 -14 -14 -12 -7 -2 46 128 225 244 179 282 375 455 517 414 341
-30 -30 -29 -29 -30 -30 -32 -35 -34 -34 -34 -34 -33 -33 -34 -34 -34 -34 -37 -35 -36 -36 -37 -37 -37 -38 -38 -38 -37 -38 -39 -40 -41 -41 -42 -43 -43 -44 -45 -45 -47 -47 -47 -47 -47 -47 -45 -44 -43 -42 -40 -40 -40 -39 -39 -38 -37 -37 -37 -36 -35 -33 -31 -31 -29 -28 -27 -27 -27 -27 -28 -27 -26 -25 -25 -25 -24 -21 -19 -17 -15 -15 -13 -12 -10 58 125 203 155 230 303 394 453 463 371 250
-34 -33 -32 -32 -33 -34 -35 -37 -39 -38 -37 -37 -36 -36 -36 -36 -35 -37 -39 -38 -39 -39 -39 -39 -40 -39 -39 -39 -40 -41 -42 -43 -44 -44 -45 -46 -46 -47 -50 -50 -50 -51 -51 -52 -51 -51 -49 -48 -47 -46 -44 -44 -43 -42 -42 -42 -41 -41 -41 -40 -38 -37 -36 -36 -34 -32 -31 -31 -29 -29 -28 -28 -28 -28 -27 -27 -27 -25 -22 -19 -17 -17 -15 -13 -10 40 83 135 152 230 275 345 317 305 299 271
-38 -37 -41 -36 -36 -37 -37 -38 -39 -40 -40 -39 -41 -42 -40 -40 -40 -40 -41 -41 -42 -42 -41 -41 -42 -42 -42 -42 -42 -43 -44 -46 -47 -47 -47 -48 -49 -51 -54 -54 -54 -52 -54 -55 -54 -54 -53 -51 -50 -49 -47 -47 -46 -45 -45 -45 -45 -45 -44 -43 -42 -41 -40 -40 -38 -35 -33 -33 -31 -31 -30 -30 -29 -29 -28 -28 -28 -28 -25 -22 -19 -19 -17 -14 -10 12 47 95 146 198 241 256 190 204 239 139
-40 -41 -41 -41 -40 -41 -42 -36 -40 -40 -41 -41 -41 -44 -43 -43 -43 -43 -43 -43 -44 -44 -44 -45 -45 -45 -46 -46 -47 -47 -48 -50 -50 -50 -50 -51 -52 -53 -57 -57 -56 -53 -54 -56 -55 -55 -55 -54 -53 -52 -52 -52 -51 -50 -50 -49 -49 -49 -48 -46 -45 -44 -42 -42 -40 -38 -36 -36 -36 -36 -38 -35 -33 -33 -33 -33 -32 -31 -30 -26 -21 -21 -19 -17 -15 -2 23 79 134 160 189 157 111 145 183 71
-40 -41 -41 -41 -40 -41 -42 -36 -40 -40 -43 -41 -44 -45 -46 -43 -43 -43 -43 -43 -44 -44 -45 -45 -45 -45 -46 -46 -47 -47 -48 -50 -50 -50 -50 -51 -52 -53 -57 -57 -56 -53 -54 -56 -55 -55 -55 -54 -53 -52 -52 -52 -51 -50 -50 -49 -49 -49 -48 -46 -45 -44 -42 -42 -40 -38 -36 -36 -36 -36 -38 -35 -33 -33 -33 -33 -32 -31 -30 -26 -21 -21 -19 -17 -13 -2 11 40 93 117 125 79 70 120 139 31
-43 -43 -45 -45 -45 -45 -44 -42 -46 -46 -49 -48 -49 -47 -48 -48 -46 -46 -49 -48 -48 -48 -48 -47 -50 -51 -51 -51 -51 -51 -52 -54 -55 -55 -55 -56 -56 -58 -60 -60 -60 -60 -60 -60 -59 -59 -59 -58 -58 -55 -56 -56 -55 -54 -54 -53 -52 -52 -51 -50 -48 -47 -46 -46 -44 -43 -41 -41 -45 -45 -43 -42 -36 -34 -35 -35 -35 -35 -33 -29 -25 -25 -20 -19 -13 -5 -8 -10 16 36 41 39 45 112 123 20
-49 -49 -50 -50 -49 -50 -49 -50 -50 -50 -52 -53 -53 -51 -50 -51 -51 -51 -52 -51 -48 -51 -52 -47 -54 -55 -56 -56 -56 -55 -56 -57 -58 -58 -59 -59 -60 -62 -62 -62 -63 -63 -63 -63 -62 -62 -62 -62 -62 -61 -59 -59 -56 -58 -57 -57 -55 -55 -54 -53 -52 -51 -49 -49 -48 -48 -46 -47 -46 -46 -44 -43 -41 -39 -38 -38 -38 -38 -38 -35 -29 -29 -23 -20 -17 -13 -10 -10 -10 8 8 10 22 97 101 19
-52 -53 -52 -52 -52 -53 -55 -55 -55 -55 -56 -57 -57 -55 -50 -53 -54 -55 -57 -56 -56 -56 -56 -57 -58 -59 -60 -60 -59 -61 -60 -60 -61 -61 -62 -62 -62 -64 -65 -65 -65 -66 -66 -66 -65 -65 -65 -65 -65 -64 -64 -64 -63 -63 -62 -60 -59 -59 -58 -57 -55 -54 -53 -53 -53 -52 -50 -48 -47 -47 -45 -46 -46 -45 -44 -44 -42 -43 -42 -39 -35 -35 -30 -26 -20 -17 -14 -14 -7 -5 -10 7 11 45 32 29
-55 -56 -56 -56 -55 -56 -57 -58 -50 -60 -60 -61 -60 -59 -59 -59 -56 -58 -59 -61 -60 -60 -60 -61 -61 -62 -63 -63 -59 -60 -61 -64 -65 -65 -65 -66 -66 -68 -70 -70 -69 -69 -69 -68 -68 -68 -68 -68 -68 -67 -66 -66 -65 -66 -65 -64 -62 -62 -61 -60 -59 -58 -57 -57 -56 -56 -54 -53 -51 -51 -52 -52 -51 -49 -48 -48 -48 -46 -44 -41 -39 -39 -35 -32 -25 -20 -19 -19 -13 -12 -10 -10 -10 -10 11 32
-58 -59 -59 -59 -59 -59 -60 -61 -63 -63 -63 -64 -63 -63 -62 -62 -63 -62 -62 -63 -64 -64 -65 -65 -65 -65 -67 -67 -67 -60 -66 -66 -69 -69 -70 -70 -72 -72 -73 -73 -72 -71 -71 -71 -71 -71 -71 -71 -71 -70 -69 -69 -68 -68 -69 -69 -67 -67 -65 -64 -63 -63 -62 -62 -62 -61 -60 -58 -58 -58 -57 -56 -56 -54 -53 -53 -53 -51 -47 -45 -45 -45 -44 -38 -35 -24 -20 -20 -19 -18 -15 -13 -13 -13 -10 13
-58 -59 -59 -59 -59 -59 -60 -61 -63 -63 -58 -64 -63 -62 -62 -62 -63 -63 -66 -67 -67 -68 -70 -65 -65 -65 -67 -67 -67 -66 -67 -67 -69 -72 -70 -70 -72 -72 -73 -73 -72 -71 -71 -71 -71 -71 -71 -71 -71 -70 -69 -69 -68 -68 -69 -69 -67 -67 -65 -64 -63 -63 -62 -62 -62 -61 -60 -58 -58 -61 -61 -61 -56 -54 -53 -53 -53 -51 -47 -45 -45 -45 -44 -38 -35 -24 -20 -20 -19 -18 -15 -13 -13 -13 -12 -10
