data/instance_15/DEM.asc
ncols        120
nrows        120
xllcorner    133.58749999998014
yllcorner    33.3083333333135
cellsize     0.004166666667
NODATA_value -32767
[rows 0 to 45 of 120, columns 0 to 95 of 120]
1061 949 856 767 699 631 567 506 553 683 852 974 859 708 615 514 490 455 351 372 492 621 771 648 600 761 883 797 743 820 834 713 595 466 587 785 747 612 471 473 531 460 338 262 381 503 652 751 844 809 740 748 806 713 606 584 550 562 607 626 688 863 1028 1180 1277 1335 1375 1443 1496 1486 1481 1466 1508 1544 1441 1355 1232 1118 1158 1267 1314 1304 1257 1338 1351 1410 1502 1459 1327 1205 1074 946 983 1103 1310 1506
1057 1022 910 849 810 716 559 475 585 692 816 874 810 723 641 565 472 381 325 428 514 625 720 589 498 625 694 622 596 729 650 506 451 409 544 670 578 478 395 458 400 323 258 303 415 555 556 629 736 676 565 564 635 583 488 521 572 651 732 771 739 811 947 1149 1244 1272 1342 1454 1424 1364 1366 1393 1419 1424 1354 1246 1190 1196 1230 1276 1337 1381 1374 1423 1502 1534 1521 1444 1294 1155 1017 863 938 1098 1283 1336
973 996 966 873 775 691 524 439 527 653 748 772 768 646 632 668 557 403 305 390 522 667 699 557 419 455 505 457 565 646 523 425 353 434 557 546 436 396 336 354 268 242 330 433 504 482 452 558 564 515 422 406 441 443 514 635 684 756 835 883 843 912 939 1037 1122 1201 1308 1400 1319 1202 1194 1181 1147 1168 1212 1240 1272 1264 1282 1357 1335 1328 1365 1433 1516 1556 1422 1372 1349 1179 948 809 968 1133 1153 1127
877 778 836 879 719 571 481 409 485 647 708 702 732 592 495 570 502 381 302 380 505 601 608 553 396 359 402 385 468 476 441 328 314 399 409 397 355 356 284 263 254 308 405 378 338 326 374 429 387 386 432 513 526 485 593 728 829 905 984 981 931 1023 1051 1070 1098 1155 1245 1223 1132 1073 996 954 967 1045 1153 1221 1231 1289 1354 1319 1201 1160 1194 1292 1420 1462 1373 1197 1169 1129 918 761 941 984 939 960
754 619 666 761 690 562 481 384 436 590 601 527 521 479 408 509 532 435 318 379 443 419 436 464 387 292 302 282 283 306 302 278 279 287 258 242 252 262 311 400 386 299 306 331 370 352 323 380 452 532 578 655 662 569 669 781 901 1004 1081 1098 1025 1101 1172 1212 1225 1201 1173 1080 974 902 839 829 937 1055 1065 1043 1100 1244 1314 1186 1098 1034 1076 1218 1328 1293 1241 1106 981 1025 871 703 803 790 866 1042
608 506 505 583 571 471 416 353 401 504 544 514 442 409 358 399 394 387 301 371 349 275 265 286 275 253 247 281 330 266 271 247 264 268 247 313 344 388 488 504 420 420 422 456 533 454 382 479 578 703 770 768 730 646 703 824 936 1048 1158 1179 1093 1134 1240 1341 1322 1213 1134 1082 991 862 748 798 918 921 901 1009 1171 1305 1302 1153 1012 919 964 1071 1175 1087 1033 1036 867 845 805 678 658 768 935 1051
545 465 403 452 528 499 412 329 382 494 509 483 470 435 372 301 287 311 276 338 327 252 329 375 342 296 266 366 390 300 326 359 316 350 329 370 476 514 560 562 508 576 572 575 575 448 414 529 652 767 878 924 921 831 773 855 956 1070 1212 1208 1199 1267 1283 1334 1314 1164 1039 972 895 794 733 702 750 797 918 1078 1188 1217 1303 1233 1038 833 810 933 1018 899 875 882 750 645 598 583 680 892 982 1060
592 515 396 394 496 497 397 312 359 417 362 329 357 407 340 264 250 277 287 273 277 310 443 473 348 321 373 417 510 430 491 494 413 389 414 449 567 663 706 714 652 681 713 689 608 522 463 552 708 819 891 945 1000 955 863 877 996 1107 1234 1312 1358 1374 1353 1353 1329 1159 1031 947 892 866 779 663 690 848 956 1094 1172 1086 1126 1199 1065 828 683 785 905 814 749 760 593 491 565 666 801 972 1095 1145
517 525 405 335 409 481 406 299 315 313 259 266 264 305 296 265 249 290 394 402 394 395 419 369 308 403 494 496 591 576 613 620 544 508 573 554 635 800 906 884 815 808 894 891 791 671 525 507 621 740 836 915 997 982 903 936 1013 1114 1228 1325 1405 1356 1320 1310 1313 1250 1169 1052 946 853 778 687 618 687 830 1038 1160 1017 1023 1100 993 817 625 595 713 733 607 576 493 529 631 749 820 890 979 1102
360 416 412 352 330 359 325 270 252 248 247 273 301 260 251 302 303 316 355 381 308 292 291 303 355 453 542 571 651 701 732 709 636 639 749 741 810 891 996 1058 1008 953 1024 1022 889 727 560 577 707 811 906 982 1038 982 941 1038 1118 1179 1245 1328 1353 1250 1170 1127 1152 1265 1319 1223 1147 1021 898 763 598 632 835 1034 1057 908 889 916 844 726 587 469 515 532 469 451 533 698 733 783 928 994 1052 1197
334 351 283 273 281 299 289 257 288 275 256 268 340 316 313 325 388 363 286 287 323 369 402 389 446 507 596 653 747 845 882 861 785 772 894 921 962 997 1110 1190 1138 1078 1103 1012 877 772 626 623 788 908 1018 1072 1086 1024 987 1083 1176 1253 1324 1315 1235 1216 1122 1000 989 1134 1220 1298 1261 1077 933 781 572 617 801 923 958 812 719 750 725 587 488 397 389 453 476 563 630 752 943 966 1022 1183 1258 1342
262 259 247 251 252 253 270 287 332 350 363 341 366 348 404 356 434 384 297 341 412 466 489 500 526 569 675 771 858 955 972 920 838 848 988 1069 1118 1096 1197 1307 1279 1223 1207 1104 1027 924 749 652 776 904 987 1084 1141 1112 1050 1057 1129 1226 1320 1255 1124 1061 1065 989 864 946 1070 1205 1237 1024 835 678 523 502 675 853 823 708 584 527 524 459 383 449 563 657 645 709 846 831 941 1097 1143 1263 1381 1280
291 283 275 316 356 361 388 370 371 445 421 364 369 346 398 386 474 409 298 326 421 524 585 612 631 692 787 870 937 1015 1074 1014 922 894 993 1118 1237 1222 1266 1296 1227 1180 1113 1036 969 929 837 698 740 868 1014 1105 1194 1190 1109 1157 1232 1275 1352 1290 1136 987 876 895 785 813 1004 1155 1175 1025 868 741 625 461 517 672 654 540 478 422 357 347 416 588 743 861 851 814 985 1056 1109 1222 1270 1314 1341 1168
448 440 366 316 372 465 465 386 380 456 446 391 396 392 410 461 490 389 290 347 463 573 657 706 757 820 888 960 1040 1096 1079 999 953 979 1077 1167 1198 1240 1282 1196 1096 1039 981 929 837 773 721 733 810 834 920 1031 1165 1279 1244 1257 1293 1196 1245 1277 1110 931 806 721 682 739 901 944 1003 1077 1000 817 632 454 383 427 442 377 335 336 396 462 589 661 829 1032 1107 1012 1086 1215 1274 1163 1097 1173 1146 1027
538 463 399 352 399 500 522 420 371 400 483 483 528 516 515 547 513 436 341 411 555 635 678 717 760 826 934 1008 1035 1035 1033 1011 1012 1054 1066 1033 1022 1089 1167 1117 1025 945 866 809 803 851 808 750 900 995 1010 1124 1256 1319 1337 1322 1261 1110 1082 1199 1144 1021 919 722 593 677 737 714 823 971 935 822 677 489 393 374 302 324 388 465 580 648 719 863 983 1120 1218 1205 1120 1080 1146 1021 871 907 901 807
568 495 460 393 420 483 508 437 417 411 516 569 616 634 632 641 593 487 360 398 545 566 539 554 654 839 968 966 918 901 943 920 876 920 939 876 930 969 1075 1120 1033 967 879 860 925 973 881 778 875 1031 1172 1232 1185 1217 1341 1306 1135 1001 970 1091 1074 893 806 730 559 502 554 675 842 909 843 689 573 543 449 327 294 414 526 635 773 857 868 987 1103 1103 1170 1068 985 880 893 775 632 645 680 635
616 536 480 403 399 452 511 513 485 461 553 637 692 725 712 680 604 503 378 345 460 459 419 500 634 810 933 875 791 759 824 843 738 794 814 789 831 905 1007 1090 1011 945 922 957 1046 1037 905 826 928 1090 1177 1117 1104 1200 1284 1195 1147 993 845 927 1021 889 700 578 512 480 620 781 853 766 701 588 463 409 376 282 373 496 650 768 906 1058 1125 1118 988 922 965 822 722 700 629 547 469 521 533 474
581 527 464 405 452 517 580 592 569 557 647 715 771 763 702 606 506 410 367 369 341 338 348 424 567 768 831 771 667 622 714 739 648 659 698 743 843 962 1071 1125 1102 1066 1084 1083 1131 1048 923 876 1049 1135 1061 1040 1122 1229 1187 1061 1076 994 792 762 914 946 748 545 420 484 639 733 764 658 528 454 387 339 284 337 467 592 790 958 1059 1073 1011 958 801 726 725 595 496 506 469 398 412 422 460 546
489 447 417 464 543 596 672 702 678 649 678 766 781 710 630 536 475 422 452 506 467 469 397 365 536 722 718 652 568 519 554 587 603 669 770 888 906 983 1109 1179 1148 1112 1101 1086 1143 1128 1029 931 1008 1008 1051 1154 1235 1238 1123 989 919 926 772 650 797 905 765 599 438 432 525 674 638 574 471 355 332 276 306 427 572 706 891 970 918 815 734 704 590 526 584 457 395 404 393 455 591 596 645 733
473 447 443 516 608 691 774 803 779 741 711 790 829 749 714 664 618 511 511 632 625 527 414 369 546 636 579 502 488 580 586 646 749 829 912 987 1080 1117 1129 1052 1026 968 960 963 1100 1180 1118 1050 984 1010 1082 1153 1240 1254 1189 1068 919 764 631 587 738 878 753 613 488 370 466 534 493 457 456 422 312 290 412 566 719 833 825 739 657 608 534 568 498 465 491 394 447 572 532 618 699 811 839 897
602 560 488 543 624 726 830 906 892 839 831 865 916 892 839 765 658 565 588 717 681 569 473 397 525 502 445 493 613 721 751 790 888 980 1050 1128 1158 1097 1020 918 848 809 813 916 1054 1083 1020 1055 1068 1121 1128 1190 1183 1096 1160 1129 1000 781 562 532 662 778 809 745 624 453 334 340 351 412 528 475 297 307 448 599 715 703 592 537 490 510 406 446 393 354 366 390 550 692 696 793 859 933 987 1024
762 653 534 595 685 753 859 944 956 949 963 949 912 925 871 771 685 702 741 792 712 595 478 382 448 421 473 570 669 800 828 790 844 937 1037 1118 1134 1035 899 803 737 670 737 872 883 870 860 1035 1100 1128 1187 1121 1052 981 987 1052 1002 791 600 457 528 664 740 678 625 531 390 296 295 444 503 364 247 360 442 522 518 523 494 382 369 435 335 334 352 454 538 407 496 676 800 818 844 856 866 886
802 684 622 596 616 725 855 961 1007 1020 1003 935 847 819 888 876 825 802 774 761 713 598 517 399 380 462 591 721 736 706 687 674 785 909 989 1083 1082 996 919 815 700 611 688 744 679 731 911 985 933 1034 1108 1033 906 879 892 1006 974 781 552 415 483 599 638 541 470 414 366 340 304 419 341 251 301 449 455 419 363 394 385 313 312 330 380 494 560 593 592 412 419 529 628 619 668 650 674 708
859 817 785 670 687 809 926 982 951 895 922 889 805 731 789 817 819 753 680 673 709 636 548 425 411 559 642 678 639 566 602 710 836 967 1062 1095 1037 964 900 847 732 602 607 617 626 804 908 836 876 1047 980 927 873 787 894 976 842 680 484 356 425 485 504 416 315 262 298 373 278 279 230 305 402 466 407 329 292 298 332 427 501 523 542 601 724 688 559 433 441 470 470 494 553 620 660 673
970 919 830 756 792 859 878 858 904 823 777 847 817 709 651 689 793 800 720 639 576 520 459 395 420 518 507 520 517 530 626 729 862 973 964 1013 991 923 877 871 772 631 504 504 651 825 848 752 866 981 925 807 742 671 840 936 861 731 564 390 308 314 347 334 223 187 214 325 314 211 247 351 426 459 447 356 290 297 362 505 578 655 706 785 858 766 614 468 440 584 650 674 725 704 620 732
867 919 911 842 793 770 771 740 841 817 713 745 774 675 595 643 688 731 726 679 622 609 554 487 403 412 408 433 480 547 658 801 931 892 846 905 934 819 847 839 693 591 527 460 539 638 722 677 822 961 920 775 605 582 701 839 980 904 739 579 439 333 229 246 193 260 238 224 234 211 288 321 314 293 288 277 358 433 369 364 511 647 696 730 795 706 562 448 517 656 640 629 580 592 622 683
729 806 909 873 790 726 700 683 756 807 718 654 735 717 615 552 580 614 595 623 667 650 573 491 383 388 514 580 627 685 741 760 861 819 741 833 885 771 836 856 774 713 650 509 435 559 555 592 747 891 861 769 599 504 666 810 848 809 752 679 550 379 270 203 189 316 375 308 217 229 288 230 257 319 283 346 505 579 464 344 416 459 482 576 673 591 468 475 506 510 539 612 675 728 834 841
706 796 899 961 881 812 746 641 626 716 710 613 624 668 612 492 539 576 494 500 548 585 529 454 401 383 509 642 635 600 628 699 800 733 692 826 849 743 815 833 707 608 529 448 382 432 460 644 831 893 790 679 549 444 527 614 705 663 582 514 408 285 211 175 244 413 455 327 221 230 235 236 339 464 426 454 573 565 418 357 385 454 462 457 502 552 520 532 567 629 635 816 861 952 1029 1091
696 797 910 971 954 875 775 682 570 619 687 625 511 496 470 434 473 507 475 455 476 518 532 494 395 385 466 585 563 526 636 759 794 664 658 785 747 701 845 900 807 720 649 593 457 353 442 651 779 829 808 686 581 421 452 575 672 595 447 388 295 193 161 241 363 382 280 241 286 372 383 382 444 586 607 600 562 417 387 464 489 541 563 522 515 512 619 706 741 798 721 854 1064 1198 1224 1182
643 752 870 866 871 833 702 590 513 521 551 515 457 418 437 421 417 400 407 389 442 499 462 471 445 395 390 478 462 514 639 733 739 621 623 692 647 714 861 826 837 809 798 687 508 361 389 567 654 704 674 619 459 356 423 511 589 528 411 295 218 157 239 266 306 303 258 269 344 455 529 574 566 661 748 678 500 394 437 428 460 463 501 586 658 638 744 909 955 973 932 952 1118 1187 1136 1080
650 792 806 755 735 728 700 617 531 447 429 433 489 523 497 422 420 460 448 393 424 462 421 391 399 410 416 416 412 433 513 633 622 561 525 562 634 797 814 672 659 657 691 673 559 430 339 473 618 590 547 538 500 399 299 360 413 366 288 202 143 209 292 313 336 351 398 374 278 342 514 598 662 632 608 580 469 409 471 490 556 600 621 739 824 815 811 797 797 898 1053 1177 1214 1209 1199 1060
677 696 656 651 588 655 711 664 587 479 430 456 514 585 538 477 487 504 494 421 379 388 392 416 455 524 483 500 537 469 435 507 487 507 510 525 615 723 710 605 521 523 560 610 528 427 306 436 560 516 445 430 469 425 335 240 237 238 171 137 211 297 351 432 465 467 513 409 307 287 359 469 527 473 490 564 542 451 442 443 526 711 794 738 672 636 652 752 847 946 1084 1237 1278 1272 1179 995
570 544 513 495 529 600 558 521 490 460 432 491 513 545 529 510 534 492 432 416 439 426 430 498 531 570 559 545 569 565 510 469 477 551 621 648 687 770 764 665 574 464 424 488 383 272 342 476 453 385 365 386 404 340 287 244 170 155 143 197 275 351 387 514 576 594 583 512 446 343 322 359 386 432 465 493 599 630 677 601 483 547 628 560 601 645 692 862 999 1138 1209 1216 1099 1109 1154 966
558 579 568 508 502 463 452 449 443 443 500 533 569 578 569 562 544 495 422 451 473 457 424 428 425 480 481 412 421 549 593 599 584 668 681 685 748 731 651 649 598 502 377 449 379 243 300 341 306 308 366 357 302 222 213 179 139 154 240 305 242 282 380 478 591 602 517 440 390 369 317 382 398 419 499 601 737 820 836 738 586 499 512 594 717 827 826 901 1043 1205 1132 1033 955 903 974 850
583 529 524 517 454 454 500 514 528 538 568 579 607 572 517 485 468 448 416 430 439 409 353 293 302 327 320 260 327 438 550 635 665 692 634 619 663 630 540 548 533 423 294 356 388 241 185 253 329 373 361 273 180 152 141 136 170 214 285 277 288 345 449 560 549 493 484 478 478 387 329 391 520 598 616 699 835 807 712 681 697 663 684 693 795 911 1010 1074 1136 1187 1071 879 767 715 797 757
620 521 483 485 503 516 569 544 488 470 447 469 556 544 483 471 456 431 436 412 351 294 299 234 211 203 228 216 288 373 482 495 537 643 606 520 532 532 516 461 379 300 240 214 266 191 142 212 265 250 188 139 117 122 138 204 278 281 292 282 338 432 463 589 638 601 567 517 421 368 380 444 540 680 795 836 838 714 585 577 600 613 665 801 955 1103 1107 1051 988 1035 955 874 670 604 749 730
626 523 544 555 517 476 489 416 336 354 320 367 457 494 481 510 494 422 396 382 339 254 222 188 165 178 195 240 313 393 394 343 422 565 567 458 374 428 492 487 405 294 184 154 154 131 102 108 119 114 125 146 150 168 227 248 314 378 366 381 388 433 556 660 685 575 471 426 379 418 522 607 652 746 789 733 705 590 532 493 588 704 827 878 989 1098 1052 904 828 888 750 690 571 595 759 788
555 523 467 424 372 351 420 386 272 255 253 350 359 362 379 417 406 344 337 299 284 248 187 177 142 178 240 332 389 372 296 271 395 506 504 487 333 292 332 359 285 207 129 99 96 103 110 116 119 132 165 239 251 257 309 335 353 421 488 482 513 507 609 629 563 527 546 478 392 421 529 670 647 666 617 579 571 466 491 590 703 878 1017 1086 1032 944 954 864 685 673 571 505 559 691 840 878
495 425 386 361 346 298 284 286 237 209 321 343 265 278 266 285 286 289 273 248 209 224 210 149 187 233 314 384 369 339 270 203 299 334 321 361 296 193 231 217 157 121 88 95 107 121 145 155 212 226 201 180 184 211 280 307 347 419 508 603 648 662 645 583 533 485 478 415 450 450 589 647 566 549 514 476 453 513 626 750 878 895 953 1075 934 761 765 714 569 559 480 560 674 814 940 958
409 318 283 266 260 256 248 219 191 166 262 253 182 185 167 214 289 351 323 280 215 170 167 141 208 254 336 391 330 262 219 154 165 189 187 224 191 131 125 118 94 107 113 142 187 226 261 226 260 315 273 211 221 188 264 273 378 511 570 652 642 607 593 516 482 460 442 453 520 562 572 534 503 491 478 423 457 626 721 813 796 720 861 983 858 692 568 529 495 490 477 642 816 919 946 807
348 319 285 222 180 186 209 210 206 143 152 165 123 183 229 251 289 304 274 240 219 232 236 158 136 210 290 307 243 180 123 87 87 96 112 123 148 173 184 193 151 196 219 259 266 280 313 305 312 294 261 305 275 196 235 282 336 450 545 625 595 533 522 548 548 458 480 518 564 609 587 611 644 669 600 428 381 471 573 707 624 616 807 877 753 589 431 451 496 425 539 652 729 830 827 657
360 295 265 233 183 203 220 187 160 130 97 108 135 193 180 161 223 233 212 203 196 252 246 185 102 124 155 153 133 107 86 68 80 121 170 223 268 305 264 199 138 147 164 192 219 263 317 371 352 349 389 360 229 197 267 383 393 377 426 524 593 597 637 606 547 467 463 499 595 699 760 771 731 658 637 563 392 375 478 566 457 548 663 671 582 442 410 453 409 442 521 592 738 737 659 528
376 323 292 295 254 277 269 254 220 170 91 76 116 118 103 118 163 197 190 158 104 122 137 107 76 94 106 147 151 114 82 67 87 125 158 202 208 231 205 164 146 156 158 212 199 235 293 409 492 474 385 303 224 278 295 370 461 506 508 535 611 654 604 543 477 508 595 580 570 716 712 681 697 613 498 491 420 346 323 383 319 393 429 494 417 360 409 358 432 545 617 752 730 591 522 439
284 255 213 229 204 198 176 210 211 141 94 66 87 85 121 131 171 199 187 171 110 60 59 66 108 155 148 173 160 120 72 60 69 96 118 144 168 221 210 202 192 164 156 176 222 309 408 500 506 392 297 217 238 316 413 448 496 469 441 453 560 579 516 501 513 638 715 693 604 636 621 545 519 492 447 418 389 352 317 302 265 258 381 405 320 344 350 399 533 668 765 791 744 658 554 463
169 167 149 141 136 127 101 151 231 221 159 96 53 57 82 73 81 82 82 86 60 42 65 112 132 121 111 107 118 96 74 63 68 80 88 113 142 167 202 242 233 202 186 231 267 296 344 416 420 320 237 239 254 260 325 436 449 370 398 512 573 528 558 637 568 627 666 646 652 608 596 581 576 592 626 644 530 472 484 378 228 281 380 311 307 326 393 526 678 748 702 591 619 688 645 438
169 187 184 157 119 97 96 140 209 169 100 64 45 35 37 35 37 37 34 32 34 44 62 82 85 79 81 96 122 120 76 60 60 66 78 105 140 188 229 275 301 219 192 260 296 272 309 370 339 297 255 287 314 333 277 317 350 356 454 559 605 577 602 691 613 608 641 680 717 723 777 779 801 820 785 760 675 583 437 256 234 361 309 283 405 492 500 565 676 626 552 492 445 490 536 377
