data/instances/instance_3/DEM.asc
ncols        25
nrows        25
xllcorner    -41.36666666667083
yllcorner    63.6791666666625
cellsize     0.004166666667
NODATA_value -32767
197 274 307 343 395 529 592 652 699 791 849 902 960 1137 1208 1242 1226 1199 1165 1124 1019 960 908 875 855
154 256 304 350 391 477 538 609 666 744 800 864 914 988 1051 1130 1208 1204 1178 1117 939 862 811 780 743
57 127 161 201 241 304 330 368 414 488 517 548 589 680 720 758 867 941 1017 1065 1021 906 774 686 633
4 22 35 45 62 135 176 208 240 314 348 381 414 508 570 639 764 813 860 898 881 804 705 620 576
-502 -411 -340 -301 7 20 42 70 102 167 207 249 294 401 461 525 665 731 773 792 724 661 605 563 544
-772 -728 -662 -594 -534 -480 -420 -359 -311 -286 -265 14 18 37 50 72 121 147 190 238 303 302 290 289 333
-806 -807 -806 -797 -778 -749 -703 -639 -570 -526 -489 -437 -370 -304 -247 -197 12 13 20 29 80 106 121 133 163
-806 -807 -808 -810 -811 -813 -812 -806 -778 -727 -669 -602 -520 -444 -391 -347 -303 -256 -205 -150 14 22 27 32 46
-807 -808 -810 -811 -813 -814 -816 -818 -806 -768 -720 -684 -648 -600 -552 -506 -465 -417 -359 -292 -227 -182 -151 -126 -100
-808 -809 -812 -815 -817 -819 -821 -822 -823 -820 -810 -795 -780 -764 -744 -719 -680 -619 -544 -462 -383 -316 -259 -212 -171
-801 -807 -813 -819 -821 -821 -821 -823 -824 -825 -826 -827 -827 -827 -827 -826 -815 -772 -693 -594 -506 -437 -374 -308 -242
-618 -659 -710 -765 -804 -819 -822 -823 -824 -826 -827 -828 -829 -829 -829 -830 -831 -828 -812 -765 -686 -586 -494 -417 -347
6 -345 -402 -514 -658 -766 -809 -818 -822 -824 -827 -829 -830 -831 -831 -832 -832 -833 -834 -831 -811 -748 -651 -545 -460
52 18 8 -265 -349 -471 -594 -692 -751 -785 -811 -826 -831 -833 -834 -834 -835 -835 -836 -837 -837 -826 -780 -679 -567
158 116 91 61 32 3 -274 -374 -488 -607 -714 -786 -822 -833 -836 -836 -837 -837 -837 -838 -838 -836 -810 -724 -599
209 186 169 144 112 42 18 6 -231 -333 -458 -597 -722 -800 -831 -837 -838 -838 -839 -839 -838 -836 -827 -778 -671
260 163 150 146 144 137 134 132 126 71 34 11 4 -579 -720 -803 -835 -841 -841 -841 -841 -841 -840 -822 -750
297 195 174 168 169 171 169 169 170 157 124 73 30 3 1 -609 -745 -817 -840 -843 -843 -843 -844 -842 -823
373 244 206 192 191 197 199 203 205 211 196 156 103 17 4 -352 -504 -666 -775 -820 -837 -843 -845 -845 -845
469 291 238 217 212 215 217 221 227 259 273 251 199 82 35 11 -252 -388 -539 -671 -761 -810 -835 -844 -847
458 327 305 296 292 284 284 285 285 321 356 374 365 262 201 140 49 27 12 4 -480 -579 -687 -775 -824
384 332 323 322 321 315 312 312 320 379 420 443 433 345 284 226 139 108 77 44 6 2 1 -538 -657
364 354 351 348 345 341 342 349 375 476 526 561 555 433 367 315 221 182 147 119 61 29 10 3 -353
385 384 381 377 372 375 390 433 508 664 702 684 613 325 208 70 44 37 20 41 34 48 70 86 89
397 398 396 392 391 433 487 545 595 696 679 555 410 153 76 46 80 94 64 13 8 53 94 135 201