data/instances/instance_7/DEM.asc
ncols        45
nrows        45
xllcorner    -75.87916666667417
yllcorner    35.933333333325834
cellsize     0.004166666667
NODATA_value -32767
-5 -4 -2 -2 3 2 4 6 9 11 7 7 8 6 5 4 4 1 -1 -1 -2 -2 -3 -3 -3 -3 -3 -3 -3 -2 1 9 8 10 10 13 10 7 2 99992 99993 99994 99996 99998 999911
-5 -4 -3 -3 2 2 3 8 10 7 7 6 6 6 7 4 5 3 2 2 -1 -2 -3 -3 -3 -3 -3 -3 -3 -2 1 8 7 10 11 14 12 8 6 1 99992 99994 99995 99997 99999
-5 -5 -4 -3 -3 1 3 7 6 4 6 5 6 6 8 9 9 7 2 -1 -1 -3 -3 -3 -3 -3 -3 -3 -3 -2 1 10 10 9 10 12 11 10 7 2 99992 99993 99995 99996 99998
-5 -5 -5 -4 -3 -1 4 3 1 2 5 7 6 8 6 6 8 9 4 1 -1 -3 -3 -4 -4 -3 -3 -3 -2 -1 1 10 11 9 8 11 12 11 10 6 99991 99992 99993 99995 99997
-5 -5 -5 -4 -4 -3 -1 1 99991 2 4 6 8 10 7 5 9 8 4 1 -1 -3 -3 -4 -4 -3 -3 -3 -2 -1 1 3 11 9 11 9 10 11 10 9 99991 99994 99994 99993 99996
-5 -5 -5 -4 -3 -2 -1 -1 1 1 2 5 8 10 6 5 7 7 4 1 -1 -3 -4 -4 -4 -3 -3 -3 -2 -1 1 2 10 10 8 9 9 8 8 9 6 99992 99993 99993 99994
-5 -5 -5 -4 -4 -4 -1 -1 -1 -1 1 4 7 8 8 6 5 5 6 5 -1 -2 -3 -3 -4 -3 -3 -2 -2 -1 -1 1 6 8 7 9 11 11 10 11 8 5 99994 99992 99994
-5 -5 -5 -5 -5 -5 -3 -2 -2 -2 -1 -1 5 6 6 8 6 4 4 7 1 -1 -2 -3 -4 -3 -3 -2 -2 -1 -1 -1 5 10 9 11 10 10 12 10 9 6 5 99995 99995
-5 -5 -5 -5 -5 -5 -4 -4 -3 -2 -1 -1 -1 -1 5 7 7 5 6 7 6 -1 -1 -2 -3 -3 -2 -2 -2 -2 -1 -1 -1 13 13 8 11 10 11 11 10 9 5 1 99995
-5 -5 -5 -5 -5 -5 -5 -4 -3 -2 -2 -1 -1 -1 -1 7 7 7 6 5 7 -1 -1 -1 -2 -2 -2 -2 -2 -2 -1 -1 -1 10 13 9 12 11 11 11 10 10 8 5 99994
-5 -5 -5 -5 -5 -5 -5 -5 -5 -5 -5 -5 -4 -4 -3 -1 4 5 6 5 3 -1 -1 -1 -1 -1 -2 -2 -2 -2 -1 -1 -1 9 12 10 9 11 8 11 12 10 10 6 1
-5 -5 -5 -5 -5 -5 -5 -5 -5 -5 -5 -5 -5 -4 -4 -3 -2 -1 -1 7 -1 -1 -1 -1 -1 -1 -1 -1 -1 -1 -1 -1 -1 5 9 9 5 7 6 10 12 12 11 7 5
-5 -5 -5 -5 -5 -5 -5 -5 -5 -5 -5 -4 -4 -4 -4 -4 -4 -3 -1 -1 -1 -1 -1 -1 -1 -1 -1 -1 -1 -1 -1 -1 -1 5 6 7 5 7 6 6 9 10 10 9 5
-5 -5 -5 -5 -5 -5 -5 -5 -5 -5 -5 -4 -4 -4 -4 -4 -4 -3 -2 -1 -1 -1 -1 -1 -1 -1 -1 -1 -1 -1 -1 -1 -1 1 5 6 4 4 5 4 6 8 7 8 8
-5 -5 -5 -5 -5 -5 -5 -5 -5 -5 -5 -4 -4 -4 -4 -4 -3 -3 -2 -2 -1 -1 -1 -1 -1 -1 -1 -1 -1 -1 -1 -1 -1 1 4 4 4 3 4 3 3 4 5 6 9
-5 -5 -5 -5 -5 -5 -5 -5 -5 -5 -4 -4 -4 -4 -4 -3 -3 -3 -2 -2 -1 -1 -1 -1 -1 -1 -1 -1 -1 -1 -1 -1 -1 2 2 3 3 2 3 4 2 3 2 5 9
-5 -5 -5 -5 -5 -5 -5 -5 -4 -4 -4 -4 -4 -4 -4 -3 -3 -3 -2 -2 -2 -2 -1 -1 -1 -1 -1 -1 -1 -1 -1 -1 -1 1 1 2 2 1 2 3 -1 -1 1 1 5
-5 -5 -5 -5 -5 -5 -5 -4 -4 -4 -4 -4 -4 -4 -4 -3 -3 -3 -3 -2 -2 -2 -2 -1 -1 -1 -1 -1 -1 -1 -1 -1 -1 -1 1 1 -1 1 1 -2 -2 -2 -1 -1 1
-5 -5 -5 -5 -5 -5 -4 -4 -4 -4 -4 -4 -4 -4 -4 -3 -3 -3 -3 -3 -2 -2 -2 -2 -1 -1 -1 -1 -1 -1 -1 -1 -1 -1 1 1 -1 -1 -2 -3 -3 -3 -2 -1 1
-5 -5 -5 -5 -5 -4 -4 -4 -4 -4 -4 -4 -4 -4 -4 -3 -3 -3 -3 -3 -2 -2 -2 -2 -2 -1 -1 -1 -1 -1 -1 -1 -1 -1 -1 -1 -2 -2 -3 -4 -4 -1 -1 -1 -1
-4 -4 -4 -4 -4 -4 -4 -4 -4 -4 -4 -4 -4 -4 -4 -3 -3 -3 -3 -3 -2 -2 -2 -2 -2 -2 -1 -1 -1 -1 -1 -1 -1 -1 -1 -2 -3 -3 -4 -4 -1 1 1 -1 -1
-4 -4 -4 -4 -4 -4 -4 -4 -4 -4 -4 -4 -4 -4 -4 -3 -3 -3 -3 -3 -2 -2 -2 -2 -2 -2 -1 -1 -1 -1 -1 -1 -1 -1 -1 -2 -3 -4 -4 -4 -1 -1 1 1 -1
-4 -4 -4 -4 -4 -4 -4 -4 -4 -4 -4 -4 -4 -4 -4 -3 -3 -3 -3 -3 -2 -2 -2 -2 -2 -2 -1 -1 -1 -1 -1 -1 -1 -1 -2 -2 -3 -3 -4 -4 -1 -1 -3 -3 1
-4 -4 -4 -4 -4 -4 -4 -4 -4 -4 -4 -4 -4 -4 -4 -3 -3 -3 -3 -3 -2 -2 -2 -2 -2 -2 -2 -1 -1 -1 -1 -1 -1 -1 -1 -2 4 9 11 7 -4 -1 -1 2 3
-4 -4 -4 -4 -4 -4 -4 -4 -4 -4 -4 -4 -4 -4 -4 -3 -3 -3 -3 -3 -2 -2 -2 -2 -2 -2 -2 -1 -1 -1 -1 -1 -1 -1 -1 -1 3 2 5 7 7 -2 -1 2 5
-4 -4 -4 -4 -4 -4 -4 -4 -4 -4 -4 -4 -4 -4 -4 -3 -3 -3 -3 -3 -2 -2 -2 -2 -2 -2 -2 -1 -1 -1 -1 -1 -1 -1 -1 -1 2 2 3 4 6 -1 -1 4 5
-5 -5 -5 -5 -5 -4 -4 -4 -4 -4 -4 -4 -4 -4 -4 -4 -4 -3 -3 -3 -2 -2 -2 -2 -2 -2 -2 -2 -1 -1 -1 -1 -1 -1 -1 -1 3 5 5 5 7 6 3 4 5
-5 -5 -5 -5 -5 -5 -4 -4 -4 -4 -4 -4 -4 -4 -4 -4 -4 -3 -3 -3 -2 -2 -2 -2 -2 -2 -2 -2 -2 -1 -1 -1 -1 -1 -1 2 5 6 7 9 12 10 7 4 4
-5 -5 -5 -5 -5 -5 -5 -5 -4 -4 -4 -4 -4 -4 -4 -3 -3 -3 -3 -3 -3 -3 -2 -2 -2 -2 -2 -2 -2 -2 -2 -2 -2 -2 -2 -2 -2 -1 -1 -1 8 11 9 4 2
-5 -5 -5 -5 -5 -5 -5 -5 -4 -4 -4 -4 -4 -4 -4 -3 -3 -3 -3 -3 -3 -2 -2 -2 -2 -2 -2 -2 -2 -2 -2 -2 -2 -2 -2 -2 -2 -2 -1 -1 -1 9 8 6 -3
-4 -4 -4 -4 -4 -5 -5 -5 -4 -4 -4 -4 -4 -4 -4 -3 -3 -3 -3 -3 -2 -2 -2 -2 -2 -2 -2 -2 -2 -2 -2 -2 -2 -2 -2 -2 -2 -3 -2 -1 -1 -1 -1 5 -2
-4 -4 -4 -4 -4 -4 -4 -5 -5 -4 -4 -4 -4 -4 -4 -3 -3 -3 -3 -2 -2 -2 -2 -2 -2 -2 -2 -2 -2 -2 -2 -2 -2 -2 -2 -2 -2 -2 -2 -2 -2 -2 -2 -2 -2
-3 -3 -3 -3 -3 -3 -4 -4 -4 -4 -4 -4 -4 -4 -4 -3 -3 -3 -2 -2 -2 -2 -2 -2 -2 -2 -2 -2 -2 -2 -2 -2 -2 -2 -2 -2 -2 -2 -2 -2 -2 -2 -2 -1 -1
-2 -2 -2 -2 -3 -3 -3 -3 -3 -3 -3 -3 -3 -3 -3 -3 -3 -3 -2 -2 -2 -2 -2 -2 -2 -2 -2 -2 -2 -2 -2 -2 -2 -2 -2 -2 -2 -2 -2 -2 -2 -2 -2 -1 -1
3 3 2 1 2 -3 -2 -2 -1 -1 -1 -1 -1 -2 -2 -2 -2 -2 -2 -2 -2 -2 -2 -2 -2 -2 -2 -2 -2 -2 -2 -2 -2 -2 -2 -2 -2 -2 -2 -2 -2 -2 -2 -2 -2
3 3 2 1 -1 -1 1 2 2 2 2 1 1 -1 -1 -1 -2 -2 -2 -1 -1 -1 -1 -2 -2 -2 -2 -2 -1 -1 -1 -2 -2 -2 -2 -2 -2 -2 -2 -2 -2 -2 -2 -2 -2
3 3 1 -1 -1 -1 1 5 6 3 1 4 3 2 1 -1 -1 -1 -1 -1 -1 -1 -1 -1 -1 -1 -1 -1 -1 -1 -1 -1 -2 -2 -2 -2 -2 -2 -2 -2 -2 -2 -2 -2 -2
5 3 1 -1 -1 -1 1 3 8 9 7 3 4 4 2 -1 -2 -2 -2 -1 -1 -1 -1 -1 -1 -1 -1 -1 -1 -1 -1 -1 -2 -2 -2 -2 -2 -2 -2 -2 -2 -2 -2 -2 -2
3 2 1 -1 -1 -1 2 3 7 11 10 8 9 6 3 4 -2 -2 -2 -1 -1 -1 -1 -1 -1 -1 -1 -1 -1 -1 -1 -1 -2 -2 -2 -2 -2 -2 -2 -2 -3 -3 -3 -3 -3
-1 -1 -1 -1 -1 2 6 7 8 10 12 12 10 5 3 4 5 -2 -2 -1 -1 -1 -1 -1 -1 -1 -1 -1 -1 -1 -1 -1 -1 -2 -2 -2 -2 -2 -2 -2 -3 -3 -3 -3 -3
-1 -1 -1 -1 -1 3 6 9 10 11 11 11 7 4 3 2 2 -1 -1 -1 -1 -1 -1 -1 -1 -1 -1 -1 -1 -1 -1 -1 -1 -1 -1 -2 -3 -3 -3 -3 -3 -3 -3 -3 -3
-2 -3 -2 -2 -1 5 7 9 11 12 11 12 8 3 3 2 -1 -1 -1 -1 -1 -1 -1 -1 -1 -1 -1 -1 -1 -1 -1 -1 -1 -1 -1 -2 -2 -2 -2 -2 -2 -2 -2 -2 -2
-3 2 3 3 3 5 7 7 7 8 10 10 10 7 3 1 1 1 3 1 1 1 -1 -1 -1 -1 -1 -1 -1 -1 -1 -1 -1 -1 -1 -1 -1 -1 -1 -1 -1 -1 -1 -1 -1
-4 -4 -4 -4 -3 -1 1 4 6 3 5 5 8 10 5 2 2 1 1 2 2 1 1 -1 -1 -2 -2 -1 -1 -1 -1 -1 -1 -1 -1 -1 -1 12 12 11 12 3 2 2 1
-4 -5 -5 -4 -4 -3 -1 2 5 5 5 2 2 5 8 6 2 2 3 3 3 3 3 -1 -2 -2 -2 -2 -2 -1 -1 -1 1 -1 -1 -1 2 7 12 14 15 13 11 12 12