data/instances/instance_11/DEM.asc
ncols        80
nrows        80
xllcorner    130.22916666665316
yllcorner    32.76249999998684
cellsize     0.004166666667
NODATA_value -32767
[rows 0 to 56 of 80, columns 0 to 79 of 80]
-2 -3 -4 -5 -5 -5 -5 -5 -5 -5 -5 -5 -5 -3 -3 -2 -2 -2 -2 -1 -1 -4 -3 1 1 1 1 -2 -3 -3 -2 -2 -2 -2 -2 -1 -1 -1 -1 1 99991 99991 1 1 99992 99991 99991 99991 99991 99991 1 2 1 1 2 5 7 13 14 19 23 28 62 93 115 154 160 125 133 171 133 85 104 124 91 101 153 159 172 254
-3 -2 -4 -4 -5 -5 -5 -5 -5 -5 -5 -5 -5 -5 -5 -2 -2 -2 -2 -3 -2 -5 1 1 1 -2 -2 -2 -2 -3 -2 -3 -3 -2 -2 -2 -1 -1 -1 7 19 33 46 1 22 1 99991 99991 99991 99991 1 1 1 1 1 8 18 17 18 29 31 33 53 76 79 97 113 113 174 205 154 98 131 151 104 93 118 112 125 158
-3 -2 -3 -5 -5 -5 -5 -6 -6 -6 -7 -7 -7 -6 -5 -2 -2 -2 -2 -4 -2 -6 -3 -2 -3 -3 -2 -2 -2 -3 -3 -1 -2 -3 -2 -2 -1 -1 -1 7 22 39 57 64 6 2 99992 99992 99991 99991 99991 99991 1 4 12 5 7 10 15 31 42 48 50 53 98 109 81 81 143 198 209 154 162 151 94 82 98 114 126 147
-4 -3 -3 -3 -5 -5 -6 -6 -7 -8 -9 -9 -9 -8 -7 -5 -2 -2 -1 -3 -1 -1 -3 -3 -3 -3 -1 -1 -2 -2 -1 -3 -5 -3 -2 -2 -1 -1 -1 4 18 36 57 73 6 99991 99991 99991 1 99991 1 99991 3 16 42 18 6 7 8 18 22 22 35 75 146 125 57 80 130 176 203 146 123 109 85 91 139 172 173 160
-4 -3 -3 -3 -5 -5 -6 -6 -7 -8 -9 -9 -9 -8 -7 -5 -2 -2 -1 -3 -1 -1 -3 -3 -3 -3 -1 -1 -2 -2 -1 -3 -5 -3 -2 -2 -2 -1 -1 -1 9 21 31 36 25 99992 99992 1 7 7 12 28 40 47 75 44 12 13 15 13 14 24 62 102 98 59 42 92 127 150 107 78 72 83 90 90 109 145 162 149
-4 -4 -3 -3 -4 -4 -6 -6 -7 -8 -9 -9 -10 -10 -8 -5 -3 -3 -2 -2 -1 -1 -1 -1 -3 -3 -4 -1 -2 -2 -5 -5 -5 -2 -2 -2 -2 -2 -1 -1 -1 2 3 -1 6 99991 99991 3 15 16 37 64 72 72 90 50 17 16 18 16 19 22 22 27 28 30 46 63 101 154 140 92 67 72 83 80 99 134 170 126
-5 -5 -4 -3 -4 -4 -5 -5 -6 -8 -9 -9 -10 -10 -10 -5 -5 -5 -4 -4 -2 -2 -2 -2 -3 -3 -1 -1 -1 -1 -3 -5 -5 -2 -2 -2 -2 -2 -2 -2 -1 -1 -1 -1 -1 12 99992 99993 99991 1 8 27 34 42 60 65 29 11 11 12 17 15 17 26 38 43 68 137 191 182 134 87 67 81 89 91 82 112 134 106
-6 -6 -5 -4 -4 -4 -5 -5 -6 -7 -9 -9 -10 -10 -10 -9 -5 -5 -5 -5 -3 -2 -2 -2 -1 -1 -1 -1 -1 -1 -2 -5 -5 -2 -2 -2 -2 -2 -2 -2 -2 -1 -1 -1 -1 11 99992 99993 99992 99992 1 5 19 31 25 31 18 8 9 9 10 15 26 42 68 91 112 159 185 153 109 87 62 81 91 80 63 68 104 142
-10 -8 -6 -5 -5 -5 -5 -5 -6 -8 -9 -9 -10 -10 -10 -10 -7 -7 -5 -3 -3 -3 -2 -2 -2 -1 -1 -1 -2 -2 -4 -5 -5 -2 -2 -2 -2 -2 -2 -2 -2 -2 -2 -1 -1 9 99993 99995 99993 99992 1 4 10 7 3 4 6 7 8 8 12 18 28 43 99 181 187 180 164 125 91 74 67 89 68 58 67 84 108 142
-9 -9 -8 -6 -6 -6 -5 -5 -6 -7 -9 -9 -10 -11 -10 -10 -8 -8 -6 -5 -4 -2 -2 -2 -2 -2 -1 -2 -3 -3 -5 -5 -5 -4 -5 -5 -2 -2 -2 -2 -2 -2 -2 -2 -1 7 31 99993 99993 99991 2 3 3 4 4 5 7 8 10 11 14 22 34 76 149 201 157 155 156 100 71 61 62 62 55 63 72 103 160 169
-9 -9 -8 -6 -6 -6 -5 -5 -6 -7 -9 -9 -10 -11 -10 -10 -8 -8 -6 -5 -4 -2 -2 -2 -2 -2 -1 -2 -3 -3 -5 -5 -5 -4 -5 -5 -3 -3 -2 -2 -2 -1 -1 -2 -2 4 27 99993 99993 99992 1 3 3 3 4 7 10 13 11 14 17 29 61 146 172 139 114 151 177 141 86 55 66 71 78 87 85 87 102 126
-10 -10 -9 -7 -7 -7 -6 -6 -6 -7 -9 -9 -9 -10 -9 -10 -10 -10 -8 -6 -3 -2 -2 -2 -3 -3 -3 -3 -2 -2 -5 -5 -6 -5 -3 -3 -1 1 -3 -2 -2 -2 -2 -2 -2 1 22 3 34 3 4 2 2 2 3 6 9 13 14 14 16 27 64 141 138 97 80 78 113 138 95 63 81 91 93 77 82 89 89 85
-11 -10 -9 -8 -7 -7 -7 -6 -6 -8 -9 -9 -9 -10 -10 -10 -10 -10 -10 -8 -4 -3 -3 -3 -4 -4 -4 -4 -3 -3 -5 -5 -5 -5 -5 -5 -3 2 3 -3 -2 -2 -2 -2 -2 -1 2 3 2 3 5 2 1 1 4 6 7 8 10 13 16 20 33 61 141 144 100 78 70 82 76 57 82 89 77 86 85 93 101 90
-10 -10 -10 -9 -9 -9 -8 -7 -7 -8 -9 -9 -9 -10 -11 -10 -10 -10 -10 -9 -7 -6 -5 -5 -4 -5 -5 -4 -4 -4 -5 -5 -5 -5 -5 -5 -4 1 2 -1 -3 -3 -3 -3 -2 -2 1 2 2 3 2 2 3 4 6 10 11 12 13 16 23 28 35 54 108 186 169 117 83 66 62 51 63 72 68 77 85 91 98 95
-10 -10 -10 -10 -10 -10 -9 -8 -7 -7 -8 -8 -9 -10 -10 -10 -11 -11 -11 -10 -10 -8 -3 -3 -3 -5 -5 -4 -3 -3 -5 -4 -5 -5 -5 -5 -4 -4 2 -1 -4 -4 -4 -3 -2 -1 8 1 1 99991 1 3 5 6 6 12 19 26 25 26 31 34 37 54 109 205 222 173 103 76 80 64 45 67 82 83 80 92 91 91
-10 -10 -11 -11 -10 -10 -9 -8 -8 -7 -8 -8 -9 -10 -10 -10 -10 -10 -10 -10 -10 -11 -8 -8 -5 -5 -5 -5 -4 -4 -5 -5 -5 -5 -5 -5 -5 -5 -4 -4 -3 -3 -3 -3 -2 -2 5 3 3 1 1 3 7 10 11 20 26 45 61 63 62 39 44 72 146 269 306 215 143 108 82 74 47 67 70 79 82 93 84 75
-10 -10 -11 -11 -10 -10 -9 -8 -8 -7 -8 -8 -9 -10 -10 -10 -10 -10 -10 -10 -10 -11 -8 -8 -5 -5 -5 -5 -4 -4 -5 -5 -5 -5 -5 -5 -5 -5 -4 -4 -4 -3 -3 -3 -3 -1 2 6 4 99991 2 4 10 12 14 23 39 61 77 89 104 69 62 97 175 287 328 269 205 144 79 62 45 52 65 71 82 82 83 65
-10 -10 -10 -11 -10 -10 -10 -9 -8 -7 -8 -8 -9 -10 -10 -10 -10 -10 -11 -11 -11 -10 -10 -10 -5 -3 -5 -5 -5 -5 -5 -5 -5 -5 -5 -5 -5 -5 -5 -5 -4 -4 -2 -7 5 3 2 2 1 4 5 12 15 13 16 19 33 41 49 73 104 91 85 126 159 212 273 247 175 116 79 59 56 41 60 66 77 86 76 61
-10 -10 -10 -10 -10 -10 -10 -10 -10 -9 -8 -8 -9 -10 -10 -10 -10 -10 -10 -12 -12 -11 -13 -13 -5 -3 -4 -6 -5 -5 -5 -5 -5 -5 -6 -6 -6 -5 -4 -1 -4 -2 -1 5 2 99991 99991 2 2 2 4 15 20 14 17 20 22 31 52 73 70 61 68 98 121 165 189 135 109 77 62 39 35 41 73 83 79 76 59 64
-10 -10 -12 -11 -10 -10 -10 -10 -10 -10 -9 -9 -9 -10 -11 -11 -11 -11 -11 -12 -13 -12 -10 -10 -10 -7 -3 -4 -5 -5 -6 -6 -5 -6 -7 -7 -7 -6 -5 -1 -3 -1 -1 2 2 99992 99991 1 1 1 2 6 8 10 16 23 25 24 29 33 42 58 49 43 63 103 109 83 52 37 38 40 57 70 79 63 60 53 50 44
-10 -12 -15 -12 -11 -11 -10 -11 -11 -10 -10 -10 -10 -10 -10 -11 -11 -11 -11 -11 -12 -12 -11 -11 -11 -10 -5 -4 -5 -5 -6 -6 -5 -6 -7 -7 -10 -9 -5 -6 -1 -1 -1 1 99998 999912 4 2 1 1 2 99991 99991 3 6 9 24 30 32 41 44 50 49 37 50 51 53 45 36 54 54 61 54 73 77 63 70 66 72 60
-10 -12 -14 -13 -13 -13 -11 -11 -13 -12 -10 -10 -10 -10 -10 -11 -11 -11 -11 -11 -12 -13 -14 -14 -15 -15 -10 -5 -4 -4 -6 -6 -6 -7 -9 -9 -10 -10 -5 -5 -2 6 7 4 4 4 6 5 3 2 3 3 3 4 4 7 16 20 34 38 41 50 42 30 26 30 36 38 58 74 82 84 90 93 79 69 76 68 71 71
-10 -12 -14 -13 -13 -13 -11 -11 -13 -12 -10 -10 -10 -10 -10 -11 -11 -11 -11 -11 -12 -13 -14 -14 -15 -15 -10 -5 -4 -4 -6 -6 -6 -7 -9 -9 -10 -10 -5 -5 -3 -2 -4 -7 -18 1 2 15 4 3 6 9 16 16 23 18 9 11 24 26 21 26 23 19 30 48 36 46 78 109 125 145 174 162 107 85 84 74 75 74
-10 -14 -18 -18 -15 -15 -11 -10 -12 -12 -11 -11 -11 -11 -11 -12 -11 -11 -12 -12 -14 -15 -17 -17 -19 -20 -14 -6 -4 -4 -6 -8 -7 -8 -10 -10 -11 -10 -6 -5 -2 -2 -3 -7 -16 -31 3 2 1 3 6 21 56 48 48 38 23 20 17 23 16 20 33 39 52 51 63 88 106 151 176 216 247 205 146 103 79 75 79 79
-10 -18 -20 -20 -14 -14 -11 -10 -10 -10 -10 -10 -11 -11 -12 -12 -12 -12 -12 -12 -13 -15 -18 -18 -19 -20 -15 -7 -5 -5 -6 -7 -8 -9 -10 -10 -12 -10 -10 -10 -1 -2 -2 -1 -10 -22 -36 -1 1 5 15 28 44 42 39 38 26 31 38 43 36 42 49 51 51 64 89 123 160 203 244 293 307 254 190 129 95 89 80 83
-10 -18 -20 -20 -18 -18 -14 -11 -10 -9 -10 -10 -11 -12 -14 -13 -12 -12 -12 -11 -12 -14 -16 -16 -19 -20 -18 -15 -8 -8 -5 -7 -9 -10 -10 -10 -10 -10 -10 -8 -5 -5 -2 -1 -1 -9 -13 -2 1 7 20 22 23 19 22 28 29 34 38 45 45 47 51 46 54 87 148 177 206 260 313 387 361 274 209 153 112 88 70 63
-9 -15 -19 -20 -19 -19 -15 -11 -8 -7 -10 -10 -10 -12 -14 -13 -12 -12 -12 -12 -11 -12 -15 -15 -18 -21 -22 -18 -11 -11 -6 -8 -9 -10 -10 -10 -10 -12 -11 -7 -4 -4 -2 -1 -1 -1 -6 -9 -1 4 14 10 10 12 16 23 26 29 32 36 41 41 43 42 61 110 198 239 257 298 371 438 393 317 239 174 127 107 117 96
-9 -13 -19 -23 -22 -22 -15 -10 -9 -8 -10 -10 -10 -10 -11 -12 -14 -14 -13 -11 -11 -11 -12 -12 -17 -21 -22 -20 -18 -18 -10 -8 -9 -10 -10 -10 -11 -12 -11 -9 -6 -6 -3 -1 -1 -1 -1 -10 -9 5 9 9 22 27 23 27 23 22 28 36 36 30 30 37 52 85 131 169 204 243 307 411 393 319 252 184 140 113 133 114
-9 -13 -19 -23 -22 -22 -15 -10 -9 -8 -10 -10 -10 -10 -11 -12 -14 -14 -13 -11 -11 -11 -12 -12 -17 -21 -22 -20 -18 -18 -10 -8 -9 -10 -10 -10 -11 -12 -11 -9 -6 -6 -3 -1 -1 -1 -1 -12 -9 6 9 10 16 14 15 17 19 25 33 34 26 24 32 39 46 62 84 117 147 206 284 370 423 362 262 181 126 89 104 91
-9 -12 -18 -20 -20 -20 -17 -13 -9 -8 -10 -10 -10 -10 -10 -11 -13 -13 -13 -12 -11 -10 -10 -10 -13 -18 -20 -18 -18 -18 -13 -7 -10 -10 -10 -10 -12 -12 -10 -10 -8 -8 -2 -1 -1 -1 -1 -6 1 6 11 7 8 15 21 26 28 32 32 25 21 31 38 38 45 53 65 87 109 153 201 259 337 340 301 217 132 78 61 49
-10 -10 -16 -20 -20 -20 -20 -16 -10 -10 -10 -10 -9 -7 -9 -10 -12 -12 -15 -14 -11 -11 -10 -10 -10 -12 -20 -19 -19 -19 -20 -10 -10 -10 -10 -10 -12 -12 -11 -10 -8 -8 -4 -1 -1 -1 -1 -1 -3 5 12 7 9 15 17 25 29 27 22 15 23 30 32 29 35 42 51 68 87 109 156 207 247 307 324 232 140 84 54 39
-7 -9 -12 -18 -21 -21 -21 -18 -15 -12 -10 -10 -10 -6 -6 -9 -12 -12 -14 -14 -13 -12 -12 -12 -12 -13 -19 -20 -19 -19 -20 -10 -10 -10 -10 -10 -11 -12 -12 -11 -9 -9 -5 -2 -1 -2 -1 -1 -2 3 9 5 4 9 16 26 30 21 12 14 19 20 31 36 44 46 59 77 93 123 170 225 246 273 282 251 187 110 56 38
-8 -7 -8 -14 -21 -21 -21 -19 -20 -18 -10 -10 -10 -6 -5 -9 -10 -10 -12 -13 -14 -13 -13 -13 -13 -14 -13 -19 -20 -20 -20 -17 -12 -10 -10 -10 -11 -12 -12 -11 -9 -9 -6 -5 -3 -4 -2 -2 -2 4 7 4 4 15 21 28 24 10 11 14 19 27 34 34 36 38 59 104 142 160 160 183 194 185 221 234 194 100 50 30
-4 -6 -8 -13 -17 -17 -18 -20 -20 -20 -19 -19 -14 -10 -11 -10 -10 -10 -12 -14 -14 -14 -14 -14 -14 -14 -13 -18 -20 -20 -25 -22 -12 -10 -10 -10 -11 -12 -11 -10 -10 -10 -9 -6 -5 -3 -3 -3 -2 2 4 99991 4 12 19 23 20 7 16 26 27 29 30 27 31 34 45 89 151 174 152 118 125 131 169 171 165 94 45 22
-4 -6 -8 -13 -17 -17 -18 -20 -20 -20 -19 -19 -14 -10 -11 -10 -10 -10 -12 -14 -14 -14 -14 -14 -14 -14 -13 -18 -20 -20 -25 -22 -12 -10 -10 -10 -11 -12 -11 -10 -10 -10 -9 -6 -5 -3 -3 -3 -3 -1 2 99992 9 17 21 17 16 5 13 21 21 21 24 31 34 32 30 69 115 132 132 88 74 69 87 106 120 89 37 19
-5 -6 -8 -11 -13 -13 -15 -17 -20 -20 -20 -20 -17 -15 -17 -15 -14 -14 -14 -15 -16 -16 -16 -16 -16 -16 -17 -19 -20 -20 -22 -19 -18 -13 -10 -10 -11 -11 -11 -10 -10 -10 -10 -10 -6 -3 -2 -2 -1 -1 2 99991 8 18 19 13 13 4 11 19 15 21 29 27 28 30 28 41 63 60 62 50 50 42 39 52 68 58 33 17
-5 -6 -7 -9 -11 -11 -11 -11 -15 -16 -17 -17 -18 -18 -18 -19 -20 -20 -19 -18 -18 -17 -17 -17 -17 -19 -19 -20 -20 -20 -20 -20 -23 -23 -21 -14 -13 -12 -12 -10 -10 -10 -10 -9 -5 -3 -1 -1 -1 -1 2 99991 2 6 10 9 8 3 10 17 11 22 21 18 23 22 21 25 28 36 40 37 40 30 23 28 34 35 34 15
-5 -5 -6 -8 -10 -10 -10 -10 -11 -13 -17 -17 -19 -20 -21 -21 -20 -20 -19 -19 -19 -19 -19 -19 -19 -20 -21 -20 -20 -20 -17 -16 -17 -21 -21 -20 -12 -12 -12 -11 -10 -10 -9 -6 -5 -3 -1 -1 -1 1 10 1 2 7 8 10 5 4 10 8 10 19 19 19 23 22 15 18 26 30 31 32 28 19 15 22 27 25 21 15
-5 -6 -7 -8 -10 -10 -10 -10 -10 -12 -15 -15 -19 -21 -21 -20 -19 -19 -16 -15 -18 -19 -20 -20 -20 -20 -21 -22 -21 -21 -20 -19 -18 -17 -15 -15 -13 -13 -12 -12 -11 -11 -10 -10 -9 -7 -2 -2 -1 3 10 4 2 2 3 2 2 4 7 7 13 16 15 13 14 9 9 15 19 19 19 19 20 16 11 16 17 17 14 8
-5 -6 -8 -9 -10 -10 -11 -10 -10 -10 -11 -11 -15 -17 -19 -20 -19 -19 -16 -12 -14 -19 -20 -20 -20 -20 -23 -26 -24 -24 -21 -20 -19 -18 -17 -17 -15 -15 -14 -13 -11 -11 -11 -11 -10 -9 -6 -6 -5 3 9 2 3 3 99991 1 2 2 1 8 12 11 12 6 6 5 11 12 14 14 17 17 17 15 9 13 15 15 12 8
-5 -6 -8 -9 -10 -10 -11 -10 -10 -10 -11 -11 -15 -17 -19 -20 -19 -19 -16 -12 -14 -19 -20 -20 -20 -20 -23 -26 -24 -24 -21 -20 -33 -18 -17 -17 -17 -17 -18 -22 -11 -11 -11 -11 -10 -9 -6 -6 -5 -5 5 2 5 1 99991 1 2 5 5 5 9 12 7 1 3 9 12 9 10 13 15 14 13 12 7 8 11 8 7 7
-6 -7 -10 -10 -10 -10 -10 -10 -10 -9 -9 -9 -11 -13 -16 -20 -20 -20 -20 -25 -19 -20 -20 -20 -21 -22 -24 -25 -25 -25 -23 -21 -26 -34 -19 -19 -19 -20 -15 -14 -20 -11 -10 -13 -11 -10 -10 -10 -8 -7 -5 -1 3 2 3 1 1 7 10 10 6 3 99991 1 3 6 6 7 10 11 12 12 9 5 3 2 2 3 2 1
-6 -8 -10 -10 -11 -11 -11 -11 -11 -9 -9 -9 -10 -11 -14 -18 -19 -19 -20 -21 -22 -22 -22 -22 -24 -25 -26 -25 -26 -26 -25 -23 -26 -34 -20 -20 -20 -20 -19 -16 -20 -12 -10 -10 -10 -10 -10 -10 -10 -8 -5 -5 1 7 8 4 -1 2 3 2 -1 -1 2 9 8 9 10 11 12 13 11 4 99991 99991 1 3 1 1 99993 1
-6 -8 -10 -10 -10 -10 -10 -11 -11 -10 -10 -10 -10 -11 -15 -17 -18 -18 -20 -20 -25 -24 -23 -23 -24 -27 -27 -26 -26 -26 -26 -25 -26 -26 -33 -23 -22 -23 -21 -18 -17 -17 -13 -10 -11 -10 -11 -11 -11 -9 -7 -5 -1 4 3 -8 -27 1 -1 -1 -1 1 8 11 12 12 11 12 12 10 5 99991 99993 99991 1 3 1 1 1 2
-7 -8 -9 -9 -10 -10 -10 -10 -10 -10 -10 -10 -10 -11 -15 -17 -20 -20 -20 -21 -22 -23 -23 -23 -25 -27 -27 -28 -28 -28 -27 -27 -29 -33 -33 -33 -26 -24 -23 -20 -19 -19 -19 -19 -19 -12 -12 -12 -12 -10 -10 -7 -3 -1 1 -7 -23 -40 3 2 -2 -1 -1 3 7 11 12 13 11 8 2 99992 99992 99991 1 99991 99991 1 99991 1
-7 -7 -7 -8 -9 -9 -10 -10 -11 -12 -11 -11 -12 -14 -15 -20 -20 -20 -18 -23 -21 -21 -22 -22 -24 -26 -26 -27 -28 -28 -28 -28 -30 -31 -29 -33 -28 -26 -26 -22 -20 -20 -18 -15 -19 -16 -14 -14 -12 -10 -10 -10 -7 -5 -2 -7 -14 -24 -36 2 2 1 -1 -1 -1 1 2 5 5 4 2 2 3 1 1 9999117 99991 99991 99991 99991
-7 -7 -7 -8 -9 -9 -10 -10 -11 -12 -11 -11 -12 -14 -15 -20 -20 -20 -18 -23 -21 -21 -22 -22 -24 -26 -26 -27 -28 -28 -28 -28 -30 -31 -29 -29 -34 -26 -26 -22 -20 -20 -18 -15 -14 -18 -22 -14 -12 -10 -10 -10 -10 -10 -5 -5 -5 -5 -12 -19 -29 1 -1 -1 -1 -1 -2 -3 -2 1 1 2 3 1 99991 2 1 99991 99991 99991
-6 -7 -7 -6 -7 -7 -9 -9 -10 -10 -10 -10 -11 -13 -13 -17 -17 -17 -12 -12 -17 -20 -20 -20 -21 -23 -24 -25 -26 -26 -27 -30 -35 -31 -30 -30 -34 -30 -25 -22 -20 -20 -18 -15 -15 -17 -22 -19 -18 -13 -14 -11 -10 -10 -10 -7 -6 -5 -2 4 -12 -23 4 -1 -1 -1 -1 -2 -2 -2 -1 1 2 2 9999111 1 2 1 99991 99991
-5 -7 -7 -7 -7 -7 -8 -8 -8 -9 -9 -9 -9 -9 -9 -9 -8 -8 -8 -9 -13 -18 -20 -20 -20 -21 -21 -23 -24 -24 -27 -30 -34 -32 -32 -32 -33 -31 -30 -23 -20 -20 -18 -16 -17 -19 -20 -20 -18 -15 -13 -12 -10 -10 -10 -10 -9 -7 -5 -5 -5 -1 -18 -28 -13 -2 -2 -1 -1 -1 -2 -1 -1 -1 1 1 99991 99991 99991 99991
-5 -6 -6 -6 -6 -6 -6 -6 -6 -6 -7 -7 -6 -6 -6 -6 -5 -5 -5 -7 -10 -13 -17 -17 -18 -18 -19 -21 -23 -23 -27 -30 -36 -35 -33 -33 -32 -33 -32 -35 -24 -24 -19 -19 -19 -20 -19 -19 -15 -16 -14 -12 -11 -11 -11 -10 -9 -8 -6 -6 -5 -2 -1 -6 11 38 60 -2 -1 -2 -2 -1 -1 -93 1 1 99991 99991 99991 99991
-5 -5 -5 -6 -6 -6 -6 -5 -5 -4 -4 -4 -5 -5 -5 -5 -4 -4 -5 -5 -8 -11 -11 -11 -12 -14 -17 -20 -21 -21 -22 -26 -29 -32 -34 -34 -34 -34 -32 -31 -27 -29 -23 -22 -21 -21 -20 -18 -18 -16 -15 -13 -13 -13 -13 -11 -10 -9 -7 -7 -5 -5 -2 3 19 38 50 33 5 -2 -2 -1 -72 -1 -1 -1 1 6 12 13
-5 -5 -5 -5 -5 -5 -5 -4 -4 -2 -1 -1 -3 -5 -5 -5 -5 -4 -4 -5 -6 -7 -8 -8 -10 -11 -14 -18 -19 -19 -20 -21 -23 -28 -32 -32 -33 -34 -33 -30 -28 -28 -30 -30 -32 -22 -20 -20 -18 -17 -15 -14 -13 -13 -12 -12 -11 -11 -9 -9 -7 -5 -5 5 16 29 38 26 6 -4 -1 -31 -1 -1 -1 -2 -1 -1 3 20
-5 -5 -5 -5 -5 -5 -5 -4 -4 -2 -1 1 7 7 10 8 7 1 2 2 -6 -7 -8 -8 -10 -11 -14 -18 -19 -19 -20 -21 -23 -28 -32 -32 -33 -34 -33 -30 -28 -28 -30 -30 -32 -22 -20 -20 -18 -17 -15 -14 -13 -13 -12 -12 -11 -11 -9 -9 -7 -5 -5 -2 7 14 17 14 8 -1 -1 -12 -1 -1 -2 -1 -1 -1 1 1
-1 1 5 8 9 9 3 4 6 6 7 9 12 13 16 15 15 12 9 6 3 -2 -5 -5 -7 -9 -11 -12 -15 -15 -18 -19 -22 -25 -29 -29 -30 -32 -34 -34 -31 -31 -30 -30 -30 -23 -23 -23 -18 -18 -16 -18 -14 -14 -13 -13 -12 -11 -10 -10 -9 -6 -5 -5 -5 -5 -1 4 8 11 15 -1 -1 -2 -1 -2 -2 -1 -1 -2
3 3 7 11 17 18 10 7 9 9 11 14 18 17 20 20 17 16 19 16 11 5 -5 -5 -5 -5 -8 -10 -13 -13 -17 -19 -21 -24 -27 -27 -28 -30 -32 -33 -33 -33 -34 -29 -26 -30 -34 -22 -18 -19 -18 -17 -18 -16 -15 -13 -12 -12 -11 -11 -10 -8 -7 -5 -5 -5 -2 -1 5 10 12 -2 -2 -3 -1 -1 -3 -2 -1 -1
7 7 9 15 20 27 22 22 19 25 27 22 25 24 24 25 24 26 25 19 11 10 8 -1 -6 -5 -5 -7 -10 -10 -17 -20 -20 -22 -24 -24 -26 -30 -32 -34 -33 -33 -32 -29 -26 -34 -34 -23 -27 -20 -19 -18 -17 -17 -16 -15 -14 -13 -12 -12 -10 -10 -9 -6 -5 -5 -5 -1 1 4 5 -4 -3 -2 -2 -2 -2 -1 -2 -1
14 19 25 29 29 38 36 45 39 34 43 40 36 38 35 33 33 34 29 22 21 20 13 8 7 -3 -5 -5 -9 -9 -14 -19 -20 -21 -23 -23 -27 -31 -34 -36 -33 -33 -33 -29 -25 -24 -24 -33 -28 -21 -20 -20 -17 -18 -17 -17 -16 -15 -14 -14 -11 -10 -8 -6 -5 -5 -5 -3 -2 -2 -2 -4 -2 -3 -2 -2 -3 -3 -2 -2
